training
2672
-5.9375
-6.414062342022279
-6.890624671295919
-7.367187192558856
-7.843749680842055
-8.320311783624897
-8.79687424112591
-9.273436677285137
-9.749999095232017
-10.226562080354148
-10.70312388621972
-11.179685729937676
-11.656248629572483
-12.132811478162184
-12.609373336092283
-13.085935222568597
-13.562498013544596
-14.039061192346342
-14.515622667655306
-14.99218498734875
-15.46874768806209
-15.94531073563233
-16.421872648026635
-16.898435637623425
-17.37499687139908
-17.85155982887699
-18.32812307476479
-18.804684685333257
-19.281247873167047
-19.75780950737052
-20.234372643430124
-20.710936026499382
-21.187498514631102
-21.66406126741116
-22.140622114074993
-22.61718539170435
-23.093747852619572
-23.570311569400978
-24.046874484433374
-24.52343470004364
-24.999998092651293
-25.476560740630212
-25.953123603650813
-26.429686670080628
-26.906247270785556
-27.38280988793898
-27.859372706474684
-28.33593655763198
-28.8124997352054
-29.28905983001705
-29.76562339802735
-30.242185544856724
-30.546871877996963
-30.851559965240305
-31.156249755124747
-31.460936651236953
-31.765623739067088
-32.07030952630163
-32.37499699537344
-32.679686099240946
-32.98437390130935
-33.289060437323926
-33.593747161155406
-33.898434067739366
-34.20312394045867
-34.50781117344915
-34.812498575481065
-35.11718478430885
-35.42187252305489
-35.72656175257626
-36.03124846485727
-35.554685300534835
-35.0781222812847
-34.601559413101015
-34.12499670231283
-34.42968561645531
-33.95312325854589
-33.47655965121779
-32.999997630263735
-32.52343433315052
-32.82812418658524
-32.35156126190456
-31.874997008080435
-31.39843440192275
-30.92187351961214
-30.4453113096813
-30.7499977670064
-30.273434349798222
-29.796872695578703
-29.320311264009597
-28.84374841295364
-28.367185751815903
-28.671875000000004
-28.195311924994364
-27.718749036649154
-27.242186344760423
-26.765622969057766
-27.0703125
-26.59374956966987
-26.117186842726397
-25.64062619020412
-25.164062992677444
-24.6875
-24.21093722426841
-24.51562371627775
-24.0390633727809
-23.56250032379393
-23.0859375
-22.609377024663004
-22.914063623729408
-22.437500510043083
-21.96093763027781
-21.484375
-21.007814905997098
-20.53125171864588
-20.835938735807403
-20.359378419467408
-19.88281489823782
-19.406251621706982
-18.929689238103833
-19.234377082434136
-18.757815321700054
-18.281252608339823
-17.80468953539781
-17.328127449111147
-16.851565725779853
-17.156252807172258
-16.679689644092
-16.203128266587107
-15.726566562945793
-15.25000372089278
-15.554690289652799
-15.078128953053643
-14.601566451446176
-14.12500393285106
-13.648440958774872
-13.171878837322431
-13.476567365120271
-13.000004346553368
-12.523441269481944
-12.046879611280376
-11.5703180018173
-11.093754835530692
-11.398441829772086
-10.92188019540906
-10.445318046574057
-9.968755309483182
-9.492192837435002
-9.015630341896841
-9.32031801260364
-8.843755809660712
-8.367193255881103
-7.890631043082463
-7.414068433077883
-7.718756347530087
-7.24219368910705
-6.765631413621924
-6.289069134252615
-5.8125065936799745
-5.335944280438563
-5.640631784028177
-5.164069402231288
-4.687507152551916
-4.210944725978787
-3.7343824538152512
-3.2578200607760945
-3.5625076210208153
-3.0859452259594744
-2.6093829206243666
-2.132819891836471
-1.6562569208720297
-1.9609439743360657
-1.4843809604525104
-1.0078179632822448
-0.5312550058900374
-0.054692030563613075
-0.4218709424494838
-0.11718392366674214
-0.5937468934919002
-1.070309896535561
-1.5468728494147563
-2.02343583935408
-1.7187488079066913
-2.1953118008649803
-2.6718747378789764
-3.1484377035136193
-3.6250007892476246
-4.101563771565558
-3.796876734666467
-4.27343965491985
-4.750002597506968
-5.226565556318589
-5.703128657927712
-5.39844167353114
-5.875004585751307
-6.351567398576149
-6.828130569281152
-7.304693619832622
-7.7812565723069715
-7.476569372032459
-7.953132209699619
-8.195320413038361
-8.281258277169176
-8.367196461506238
-8.453134251164647
-8.53907235608313
-8.62501042130435
-8.710948105878318
-8.796886098526073
-8.88282405480109
-8.968762308039178
-9.054700191511946
-9.14063804169075
-9.226576182511122
-9.312513965877839
-9.398452035792804
-9.484390070241805
-9.570328070180254
-9.656266036529557
-9.742203970178602
-9.828141871985189
-9.914080043383407
-10.000017881377445
-10.08595598545641
-10.171894055889227
-10.257832093521547
-10.343769522933746
-10.429707502138767
-10.515646017657243
-10.601583931998936
-10.68752181736911
-10.773459674461067
-10.859397503946163
-10.945335851041293
-11.031273623000832
-11.117211369309901
-11.203149622593507
-11.289087315304421
-11.375025508139377
-11.460963669781492
-11.546901284731215
-11.632839389869861
-11.718777465788126
-11.80471551312418
-11.890653532497746
-11.976591524510757
-12.062529489747995
-12.148467428777694
-12.234405342152119
-12.320343230408131
-12.406281094067714
-12.492219410772643
-12.578157223488423
-12.664095013133725
-12.75003324766125
-12.835970989422751
-12.921909170785947
-13.007846866596633
-13.093784996841748
-13.17972310077809
-13.26566117891696
-13.351598785333227
-13.437536816213875
-13.523474822717354
-13.609412805305466
-13.695350764428415
-13.781288700525177
-13.867227043847668
-13.953164932518488
-14.039102799448496
-14.12504064503451
-14.210978469663745
-14.296916690619712
-14.382854471969075
-14.468792645451295
-14.554730385078813
-14.640668512725494
-14.726606212115994
-14.812544295490204
-14.898482756203386
-14.984420792208365
-15.070358410770773
-15.15629640552456
-15.242234770106657
-15.328171165155696
-15.414109490502293
-15.500047406770134
-15.58598492072595
-15.671922799643193
-15.757861037550741
-15.84379887620358
-15.929737070407793
-16.015674870111
-16.101613021986026
-16.187550783998223
-16.273488894860783
-16.35942662038738
-16.445364691499723
-16.531303102808216
-16.617241131651596
-16.70317878393323
-16.789116775474668
-16.875055101092766
-16.960993052865607
-17.046930636447147
-17.132868553170816
-17.21880679804855
-17.30474467730925
-17.390682881851045
-17.476620724768203
-17.562558890138767
-17.648496697787987
-17.73443482510731
-17.820372598522482
-17.90631068886796
-17.99224842904326
-18.078186483451724
-18.16412419134349
-18.250062210813073
-18.336000537479517
-18.421938519938596
-18.5078761629851
-18.593814112448552
-18.67975236409986
-18.76569027853609
-18.85162849272438
-18.937566373098154
-19.023504550823507
-19.109442398064722
-19.195379919260542
-19.281318355296936
-19.367256462956146
-19.45319424659017
-19.539132320579782
-19.625070073676895
-19.711008114864033
-19.79694583822943
-19.882883847451495
-19.968822138839585
-20.054760114347378
-20.14069777801836
-20.22663572319512
-20.312573946304706
-20.398512443834342
-20.48445004842993
-20.570387930320656
-20.656326086045574
-20.742263362767343
-20.82820206074864
-20.914139882494236
-21.00007797408387
-21.08601520152296
-21.171953827545828
-21.257891592084007
-21.34382962258094
-21.429767915836972
-21.515705360589422
-21.601643070670836
-21.687581042927086
-21.773519274253847
-21.859457761595586
-21.945395415527322
-22.03133332798127
-22.117271495943907
-22.203209916448387
-22.289147516911445
-22.37508537233571
-22.461023479794676
-22.546960778975343
-22.63289938591689
-22.71883718691629
-22.804775236561486
-22.890713532052025
-22.976651032973454
-23.06258878199745
-23.14852677636081
-23.23446501334121
-23.32040349025643
-23.406341185856885
-23.49227912359762
-23.578217300830975
-23.66415470743838
-23.750093359512743
39976.163968756904
-23.921969363115547
-24.00790672395478
-24.09384531281812
-24.179783144562954
-24.265721209765807
-24.35165852688999
-24.43759705507172
-24.523534837172928
-24.60947284981787
-24.695411090599723
-24.78134859505627
-24.86728632958536
-24.953224291809928
-25.039162479385517
-25.125100889999747
-25.211038575680554
-25.296976486294653
-25.38291461955739
-25.468852973214958
-25.554790612073674
-25.64072847316397
-25.726666554258802
-25.812604853160785
-25.898542447114853
-25.984480260657588
-26.070418291617457
-26.156356537851465
-26.242294088716715
-26.328231856584893
-26.414169839337966
-26.50010803488536
-26.58604644116353
-26.671984162244115
-26.757922095749553
-26.84386023963967
-26.92979770656664
-27.015736268025638
-27.10167415416653
-27.1876122483315
-27.273549674379026
-27.359488181463405
-27.445426022028506
-27.53136406830486
-27.61730231837209
-27.703239909717446
-27.789177706406974
-27.875115706541493
-27.961053908245127
-28.046991459596736
-28.132930061499366
-28.218868014573616
-28.304806167054757
-28.390744517132
-28.476681388533542
-28.56262013349582
-28.648557406284553
-28.73449487956743
-28.82043420606164
-28.906372070054754
-28.99231012925426
-29.078246742087977
-29.16418519136059
-29.250123830679886
-29.336061032945626
-29.42200005211492
-29.507937640388604
-29.59387542150198
-29.679813393779952
-29.765751555566755
-29.851689905225697
-29.93762684837019
-30.023565573497322
-30.109502897995576
-30.195441992162504
-30.28137969155583
-30.367317578248386
-30.453255650654516
-30.539193907206414
-30.625130789341252
-30.711069413908376
-30.797006669675085
-30.882945656097334
-30.96888327930768
-31.0548210860924
-31.140759074931673
-31.22669724432243
-31.312635592778093
-31.39857260016966
-31.484511306505503
-31.570448677129896
-31.6563862292116
-31.74232546348925
-31.828263370023997
-31.914201453663992
-32.00013822287271
-32.086076660448924
-32.17201527087409
-32.25795257456646
-32.34389005621473
-32.42982918477014
-32.515767014214894
-32.601705017436515
-32.68764319306441
-32.773580084798596
-32.85951860498964
-32.945455846187436
-33.03139470555017
-33.11733229079724
-33.203270047936854
-33.289207975637744
-33.37514607258238
-33.461084337466744
-33.54702276900021
-33.63295994813788
-33.718898712763604
-33.80483622966762
-33.89077391532377
-33.97671176845157
-34.06264978778347
-34.14858797206467
-34.23452632005296
-34.32046344115169
-34.40640211634743
-34.492339569136746
-34.57827856664951
-34.66421634621878
-34.750154289067744
-34.836092393988025
-34.922029294349436
-35.007967723186475
-35.09390631052399
-35.179843699773286
-35.26578125181726
-35.351720314305894
-35.437655493985496
-35.523590845968776
-35.60952636900831
-35.69546206186863
-35.78139792332619
-35.86733395216915
-35.95326882092798
-36.039205184114905
-36.125140391146296
-36.21107576708028
-36.297011310717195
-36.38294702086872
-36.46888289635771
-36.554817631574046
-36.640753837310136
-36.72668890656426
-36.81262543791301
-36.89856083655678
-36.98449639968061
-37.07043212614062
-37.15636673147796
-37.242302784182144
-37.32823899684025
-37.41417409386743
-37.50010935449551
-37.58604477760231
-37.671980362075935
-37.757916106814584
-37.84385201072647
-37.92978807272969
-38.01572303743652
-38.1016594152448
-38.187594699273944
-38.27353014275823
-38.35946574462599
-38.445401503815134
-38.53133618174225
-38.6172722551796
-38.70320848279627
-38.789143634261826
-38.8750789433012
19961.038985591127
-39.04695002993992
-39.13288580548135
-39.218821734480585
-39.304756602751816
-39.39069283830248
-39.476628016408625
-39.56256334923468
-39.648500038435905
-39.734435675091305
-39.82037026601534
-39.90630620774722
-39.99224229925492
-40.07817734980743
-40.16411255330839
-40.25004909346531
-40.33598459740859
-40.421919071747084
-40.50785487732836
-40.59379200569781
-40.67972575977652
-40.76566317912164
-40.85159723714817
-40.937532614192634
-41.02346930196587
-41.10940497240332
-41.19533963187163
-41.281275596870614
-41.36721055387696
-41.4531468097674
-41.53908206063227
-41.62501860380473
-41.71095414490911
-41.79688869012626
-41.88282452259201
-41.968759362055685
-42.054695482304645
-42.140630612427785
-42.226567016940095
-42.31250243419375
-42.398439119506605
-42.484374820418815
-42.570309542891934
-42.65624552855975
-42.74218053857785
-42.82811680556744
-42.914052099688114
-42.99998864462059
-43.08592421945625
-43.171858829988146
-43.257794686593314
-43.343729581601174
-43.42966571662522
-43.515600892750285
-43.60153730289542
-43.68747275683164
-43.77340726019057
-43.859342992952335
-43.94527994790461
-44.03121378608119
-44.117151010753894
-44.20308512972088
-44.289020467655135
-44.374957017474784
-44.4608926271793
-44.54682730220942
-44.63276318467759
-44.718700267622815
-44.80463428710332
-44.89057163403981
-44.976505928209384
-45.062441419756475
-45.14837810184382
-45.23431385938765
-45.320248697647294
-45.40618472216036
-45.49211982985371
-45.57805611831121
-45.66399149240629
-45.749925957291524
-45.83586159870995
-45.921798410056496
-46.00773431191884
-46.09366930938382
-46.179605472642216
-46.26554073389194
-46.35147509814993
-46.437410624072804
-46.52334730522323
-46.60928308910754
-46.6952179806796
-46.78115402344341
-46.86708917621792
-46.95302547501411
-47.038960886137346
-47.1248954144438
-47.210831084787195
-47.29676789094248
-47.382703814024154
-47.468638858828285
-47.55457303011625
-47.640510336242784
-47.726444765646036
-47.812380323073256
-47.89831700245302
-47.98425281028382
-48.070187751239885
-48.15612381034226
-48.242059004763085
-48.32799531245229
-48.413930757647115
-48.49986534493227
-48.585801041726285
-48.67173588275162
-48.757671828480376
-48.84360887308167
-48.929543112612286
-49.015478453145015
-49.10141488889905
-49.18735047527304
-49.27328521671113
-49.35922104973618
-49.44515796865665
-49.531092117009806
-49.617027353332524
-49.70296367198158
-49.78889915191704
-49.87483570960958
-49.96077143065148
-50.046706319352595
-50.13264228229537
-50.21857741491813
-50.30451361727888
-50.39044899133505
-50.47638354131718
-50.562319157563465
-50.64825583464644
-50.73419168742868
-50.82012672009183
-50.906062810189525
-50.99199808213248
-51.077932540050185
-51.1638680520049
-51.249804612694426
-51.33574035913201
-51.42167529539996
-51.50761127707453
-51.593546450494706
-51.67948266505608
-51.765418073273416
-51.85135451840257
-51.93728832288957
-52.023224999331354
-52.109160873224795
-52.1950959485339
-52.28103205332728
-52.36696736139952
-52.45290369482005
-52.53883923337784
-52.6247739809669
-52.710709750716845
-52.79664473132033
-52.88258073000529
-52.96851594136156
-53.054452166753684
-53.140387606630334
-53.22632226479618
-53.312257933877646
-53.39819460899405
-53.484130502198234
-53.57006561725323
-53.65600173528398
-53.74193707693509
-53.82787164592499
-53.91380721483541
-53.99974377889246
39945.91432042991
-54.17161459209655
-54.257550606256885
-54.343485852960136
-54.42942208797156
-54.51535755724919
-54.60129226440854
-54.68722795691264
-54.773164630123695
-54.8590988026193
-54.94503569319671
-55.03097009018997
-55.11690546581367
-55.20284181549747
-55.28877740980265
-55.37471225224599
-55.46064806587386
-55.54658484617872
-55.632519160202975
-55.718456154143134
-55.80439068874063
-55.89032618800294
-55.97626264748718
-56.062198361677204
-56.14813333399509
-56.23406926374324
-56.320004453225394
-56.40594059655879
-56.49187600122856
-56.57781067060055
-56.663747974102954
-56.74968285829095
-56.83561869004228
-56.921552114228
-57.0074898333081
-57.0934251463887
-57.17936140004702
-57.26529525932522
-57.35123006071918
-57.437165800000244
-57.523102472965014
-57.60903676458546
-57.694975297338914
-57.780908149298035
-57.86684523406949
-57.95277995040007
-58.038715595148815
-58.1246521641978
-58.21058637681815
-58.296521515235945
-58.38245757536302
-58.46839455313523
-58.5543291871125
-58.6402647402253
-58.72620120843867
-58.81213534462037
-58.89807363575594
-58.98400636267256
-59.069943236554124
-59.15587779077634
-59.24181325503246
-59.327749625367986
-59.41368689785123
-59.49962186292493
-59.585557731597575
-59.67149130355004
-59.75742897232789
-59.84336434581186
-59.929300616540615
-60.01523460255249
-60.101169487211045
-60.18710526666704
-60.27304193709312
-60.35897633467554
-60.4449116246239
-60.530847803137554
-60.616784866437335
-60.702719668651575
-60.78865535704164
-60.87459192785454
-60.96052624853272
-61.04646145300002
-61.132397537529336
-61.21833449841449
-61.30426922068819
-61.390204820678065
-61.47614129470333
-61.56207554085113
-61.64801066237199
-61.733946655610275
-61.81988351693066
-61.90581816166898
-61.99175367582136
-62.07769005577715
-62.16362422967442
-62.249559270685054
-62.335495175222874
-62.421431939721415
-62.50736650923571
-62.59330194001517
-62.679238228517306
-62.76517537121905
-62.851110329907044
-62.937046144093465
-63.0229797838452
-63.10891730266995
-63.194852648337715
-63.280788843805794
-63.36672287560059
-63.4526577584527
-63.53859348890899
-63.624530063534955
-63.710464485138615
-63.79639975216384
-63.88233586119881
-63.968272808850024
-64.05420761403207
-64.140143259077
-64.2260797406136
-64.31201408951519
-64.39794927613518
-64.48388529712439
-64.56982214915143
-64.65575687889678
-64.74169244090167
-64.82762883185639
-64.91356311017891
-64.99949821865364
-65.08543415399234
-65.17137091292405
-65.25730556938267
-65.34324105063183
-65.42917735342168
-65.51511156320844
-65.60104950321185
-65.68698535140476
-65.77291911598637
-65.85885659734437
-65.94479199626507
-66.03072532087897
-66.11666234892029
-66.20259730381058
-66.28853307095594
-66.37446964720144
-66.4604041595063
-66.54633948206252
-66.63227561173521
-66.71821254540552
-66.80414742483568
-66.89008310941009
-66.9760167482212
-67.06195403745173
-67.14788928204803
-67.23382532673867
-67.31975933519253
-67.40569697450758
-67.49163257871044
-67.57756615556502
-67.66350335054301
-67.74943851928025
-67.83537448120899
-67.92130842514442
-68.00724596798779
-68.09318149394106
-68.17911501063072
-68.26505211371256
-68.35098720861738
-68.43692308992712
-68.52285975468304
-68.60879441990603
-68.69472986965765
-68.78066610099727
-68.86660034137104
-68.95253536439911
-69.03847116715892
-69.12440774674232
19930.789657655616
-69.29627771991048
-69.38221387043296
-69.46815079307477
-69.55408574272154
-69.6400214655458
-69.7259579586888
-69.81189248718016
-69.89782778703287
-69.98376385540534
-70.06969796739664
-70.15563556767408
-70.24157121260896
-70.32750490936917
-70.41344208265731
-70.49937730879425
-70.58531329708093
-70.67124734583376
-70.75718485337036
-70.84312042239274
-70.92905405994688
-71.0149911447235
-71.10092629903674
-71.18686220923274
-71.27279887257733
-71.35873361344804
-71.4446691084685
-71.53060535492067
-71.61653968682002
-71.70247477113789
-71.78841060517217
-71.87434718623373
-71.96028186108879
-72.04621728395432
-72.13215345215687
-72.21809036303573
-72.30402537598643
-72.38996113259296
-72.4758949985094
-72.56183223762108
-72.64776758700833
-72.73370367574185
-72.81963788192634
-72.90557282840919
-72.99150851257566
-73.07744493182334
-73.16337947659025
-73.24931736130027
-73.33525077162622
-73.42118751673243
-73.50712239536166
-73.59305800580316
-73.67899434549628
-73.7649288261803
-73.8508666197512
-73.93679997555344
-74.0227366391623
-74.10867145163358
-74.19460699013707
-74.28054325215292
-74.36647767037667
-74.45241537486454
-74.53835123648571
-74.62428526160679
-74.7102225625562
-74.79615802791815
-74.8820916640123
-74.96802856556144
-75.0539636387429
-75.13989942822644
-75.2258359315572
-75.31177061368794
-75.39771106999686
-75.4836471734149
-75.5695814627556
-75.65551646529723
-75.7414521786122
-75.82738860028397
-75.91332321537216
-75.99926104939252
-76.08519457086078
-76.17113130646568
-76.25706624292296
-76.34300188470176
-76.42893822942297
-76.51487278193657
-76.60080803825934
-76.68674399602524
-76.77268065287876
-76.85861552484215
-76.94455109675698
-77.03048736628062
-77.11642185774443
-77.20235704766935
-77.28829293372557
-77.37422951359363
-77.46016432260369
-77.54609982627497
-77.63203602230057
-77.71797290838383
-77.80390803075639
-77.88984384403304
-77.97577789985114
-78.06171509078595
-78.14765052509752
-78.2335842085745
-78.31952101766534
-78.40545607674596
-78.49139182157423
-78.57732824990029
-78.66326293478345
-78.74919830398596
-78.83513435527003
-78.92107108640747
-79.00700608102863
-79.092941756322
-79.17887570116038
-79.26481273377063
-79.35074803673407
-79.43668401675717
-79.52261827314668
-79.6085556033027
-79.69449121063067
-79.78042510069777
-79.86636205539767
-79.95229729363189
-80.03823320397609
-80.12416740377674
-80.21010465441293
-80.29604019529806
-80.38197403191575
-80.46791091037034
-80.55384608533987
-80.63978429281056
-80.72571607208921
-80.81165088464145
-80.89758872080084
-80.98352486048087
-81.06945930907654
-81.15539677244496
-81.24133254550625
-81.32726663361866
-81.41320372771814
-81.49913913763618
-81.58507286869477
-81.67100959700295
-81.75694464720948
-81.84287802460034
-81.9288143905513
-82.014753735668
-82.1006867578663
-82.18662275999276
-82.27255709605146
-82.3584944030778
-82.4444300447893
-82.53036402638804
-82.61630097042081
-82.70223625508439
-82.78816988554614
-82.87410646995453
-82.9600414008954
-83.04597927697804
-83.13191550034114
-83.21785007610485
-83.30378758862847
-83.38971887975009
-83.47565767817997
-83.56159026535926
-83.64752578131608
-83.73346421703307
-83.81940101243855
-83.90533617257262
-83.9912697024546
-84.07720614421947
-84.16314095644421
-84.24907867199545
-84.33501023546516
-84.42094922162667
-84.50688206563463
-84.59281780517036
-84.6787564314184
-84.76468893492368
-84.85062432584883
-84.93656259542968
-85.02249924824585
-85.10843428919488
-85.19436772315437
-85.28030402811046
-85.36623872676756
-85.45217628810308
-85.53811224384272
-85.62404659882077
-85.70998380855576
-85.79591941822385
-85.88185343262825
-85.96779029390937
-86.05372556061317
-86.139659237512
-86.22559575344846
-86.31153068025814
-86.39746843797124
-86.48340019634684
-86.56933919281843
-86.65527219939462
-86.74120802946058
-86.82714667463284
-86.91307934837201
-86.99901483789154
-87.08495313485562
-87.17088547873357
-87.25682063072222
-87.342758582533
-87.42869496270009
-87.51462977585341
-87.6005630266046
-87.6864990699288
-87.77243789762356
-87.8583708177764
-87.94430652296195
-88.03024500502387
-88.1161775975021
-88.20211296751113
-88.2880511069404
-88.37398337463351
-88.459922724739
-88.54585621215568
-88.63179246190255
-88.7177271661385
-88.80366462500339
-88.8896005390078
-88.97553491262798
-89.06147203354125
-89.14740761471322
-89.2333416605924
-89.31927844646566
-89.40521369768166
-89.49114741866143
-89.57708387237288
-89.66301879647632
-89.74895644577417
-89.83488831976044
-89.92082716184667
-90.00676023737182
-90.09269603122014
-90.17863453562039
-90.26456729057253
-90.3505027567012
-90.43644092627765
-90.52237336341608
-90.60831271471625
-90.6942463422023
-90.78018266638047
-90.86611748144819
-90.95205498586793
-91.03798679157235
-91.12392547350655
-91.20985846524488
-91.295794139642
-91.3817324891296
-91.46766516508418
-91.55360051673624
-91.63953853655833
-91.72547505823125
-91.81141008596182
-91.89734362394117
-91.98327982350838
-92.06921453391779
-92.1551518987646
-92.24108777505705
-92.32702216695174
-92.41295920647102
-92.49889476218925
-92.58482883823818
-92.67076555513188
-92.75670079294642
-92.84263455578889
-92.92857095272909
-93.01450587528086
-93.10044342492665
-93.1863795007773
-93.27231410690645
-93.35825133345749
-93.44418709087377
-93.53012138320483
-93.61605828931758
-93.70199373092545
-93.61605828931758
-93.53012138320483
-93.44418709087377
-93.35825133345749
-93.27231410690645
-93.1863795007773
-93.10044342492665
-93.01450587528086
-92.92857095272909
-92.84263455578889
-92.75670079294642
-92.67076555513188
-92.58482883823818
-92.49889476218925
-92.41295920647102
-92.32702216695174
-92.24108777505705
-92.1551518987646
-92.06921453391779
-91.98327982350838
-91.89734362394117
-91.81141008596182
-91.72547505823125
-91.63953853655833
-91.55360051673624
-91.46766516508418
-91.3817324891296
-91.295794139642
-91.20985846524488
-91.12392547350655
-91.03798679157235
-90.95205498586793
-90.86611748144819
-90.78018266638047
-90.6942463422023
-90.60831271471625
-90.52237336341608
-90.43644092627765
-90.3505027567012
-90.26456729057253
-90.17863453562039
-90.09269603122014
-90.00676023737182
-89.92082716184667
-89.83488831976044
-89.74895644577417
-89.66301879647632
-89.57708387237288
-89.49114741866143
-89.40521369768166
-89.31927844646566
-89.2333416605924
-89.14740761471322
-89.06147203354125
-88.97553491262798
-88.8896005390078
-88.80366462500339
-88.7177271661385
-88.63179246190255
-88.54585621215568
-88.459922724739
-88.37398337463351
-88.2880511069404
-88.20211296751113
-88.1161775975021
-88.03024500502387
-87.94430652296195
-87.8583708177764
-87.77243789762356
-87.6864990699288
-87.6005630266046
-87.51462977585341
-87.42869496270009
-87.342758582533
-87.25682063072222
-87.17088547873357
-87.08495313485562
-86.99901483789154
-86.91307934837201
-86.82714667463284
-86.74120802946058
-86.65527219939462
-86.56933919281843
-86.48340019634684
-86.39746843797124
-86.31153068025814
-86.22559575344846
-86.139659237512
-86.05372556061317
-85.96779029390937
-85.88185343262825
-85.79591941822385
-85.70998380855576
-85.62404659882077
-85.53811224384272
-85.45217628810308
-85.36623872676756
-85.28030402811046
-85.19436772315437
-85.10843428919488
-85.02249924824585
-84.93656259542968
-84.85062432584883
-84.76468893492368
-84.6787564314184
-84.59281780517036
-84.50688206563463
-84.42094922162667
-8433.501023546516
-8424.907867199545
-8416.31409564442
-8407.720614421947
-8399.126970245461
-8390.533617257262
-8381.940101243854
-8373.346421703307
-8364.752578131607
-8356.159026535926
-8347.565767817998
-8338.971887975009
-8330.378758862847
-8321.785007610486
-8313.191550034113
-8304.597927697805
-8296.00414008954
-8287.410646995453
-8278.816988554614
-8270.223625508439
-8261.630097042082
-8253.036402638805
-8244.44300447893
-8235.84944030778
-8227.255709605146
-8218.662275999275
-8210.06867578663
-8201.4753735668
-8192.881439055129
-8184.287802460034
-8175.6944647209475
-8167.100959700295
-8158.507286869477
-8149.9139137636175
-8141.320372771814
-8132.7266633618665
-8124.133254550626
-8115.539677244496
-8106.945930907654
-8098.352486048087
-8089.758872080084
-8081.165088464145
-8072.571607208922
-8063.978429281056
-8055.384608533987
-8046.791091037034
-8038.197403191574
-8029.6040195298065
-8021.0104654412935
-8012.416740377674
-8003.823320397609
-7995.229729363189
-7986.636205539768
-7978.042510069777
-7969.449121063068
-34.765625
-34.36848942917495
-33.97135307494289
-33.57421875
-33.177082215473305
-32.779946300376494
-32.3828125
-31.98567642076294
-31.588539486240563
-31.19140319250924
-30.794267564360734
-30.39713419657356
-29.999998410542762
-29.60286171972349
-29.20572735257369
-28.80859375
-28.411457587410244
-28.014321309109636
-27.6171875
-27.220053640476717
-26.82291706171622
-26.425781250000004
-26.02864715642323
-25.631513930670852
-25.234377834449823
-24.837241609839094
-24.440107201623633
-24.042973708176273
-23.64583714242868
-23.248701448991323
-22.851567716679426
-22.454433925970857
-22.057296830994517
-21.660160652896305
-21.263027685615537
-20.865893541990097
-20.468756988757157
-20.071621446405196
-19.674486976149037
-19.277351789076654
-18.8802171027503
-18.483082304483315
-18.08594672777505
-17.688812341969058
-17.291677160910982
-16.894541834127825
-16.49740707368977
-16.100272181087956
-15.703137146295054
-15.306001958243037
-14.908866604684585
-14.511731893500105
-14.114597034330394
-13.717462014322471
-13.320326819090544
-12.923191893702812
-12.526056787980034
-12.12892197563393
-11.731786978396851
-11.334651776834596
-10.937516893646274
-10.540381799329992
-10.143246469087089
-9.746111485650507
-9.348976574439881
-8.951841745067792
-8.554706660558416
-8.157571648982463
-7.760436721536893
-7.363301487092963
-6.96616653486842
-6.569031462369438
-6.17189648781428
-5.774761373370553
-5.377626365141661
-4.980491338940425
-4.583356452652391
-4.186221390139757
-3.7890862926247397
-3.3919513674676405
-2.9948163100624656
-2.597681346571305
-2.2005462739064487
-1.8034112265125097
-1.4062762257991528
-1.0091411884451293
-0.612006195296652
-0.21487116638728285
-0.18226384815618404
-0.5793988653162655
-0.9765338893514004
-1.373668906883318
-1.77080397488062
-2.1679389367330453
-2.5650740232810425
-2.9622089957310367
-3.3593440608884264
-3.7564789910106615
-4.1536140042065055
-4.550748996865906
-4.947884124514997
-5.345019217671602
-5.7421540239876405
-5.904914129651923
-5.911424247430567
-5.917934253957191
-5.924444149598538
-5.930954185963651
-5.937464362589648
-5.94397417762854
-5.950484383524994
-5.956994228560678
-5.963504213662513
-5.970014338372295
-5.976524352905601
-5.983034257622076
-5.989544301666019
-5.9960544845836194
-6.002564309429866
-6.009074521301456
-6.0155843758140275
-6.02209436900953
-6.028604500438693
-6.0351145227465
-6.041624436285695
-6.04813448778366
-6.0546446767953865
-6.0611545111839655
-6.067664728840243
-6.0741745925721125
-6.080684593630897
-6.0871947315760035
-6.093704761435019
-6.10021468355399
-6.106724742289805
-6.113234693453537
-6.119744780881662
-6.126254760905347
-6.132764876842862
-6.139274885543254
-6.145784787347303
-6.152294824799267
-6.158804997468994
-6.165314821541292
-6.171825022434739
-6.178334875405902
-6.184844863413881
-6.191354986032719
-6.19786500241414
-6.204374912892558
-6.210884957721078
-6.2173951364776805
-6.223904969905719
-6.230415176591771
-6.236925038611854
-6.243435034382662
-6.2499451634862435
-6.256455187333801
-6.26296510625356
-6.269475158250347
-6.275985342910043
-6.2824951854494575
-6.289005397750643
-6.2955152685819336
-6.302025271902256
-6.30853540730145
-6.3150454384081955
-6.321555365544694
-6.328065424509184
-6.334575379659868
-6.341085466310342
-6.347595449303163
-6.354105563469268
-6.360615574133585
-6.367125481613581
-6.37363552001918
-6.380145455394418
-6.386655521371484
-6.3931654844718615
-6.399675577851956
-6.406185568508757
-6.412695689124807
-6.419205707170677
-6.425715622958114
-6.432225668461758
-6.438735611858225
-6.445245684653086
-6.451755655491756
-6.458265755412625
-6.464775753528008
-6.471285880411001
-6.47779590563894
-6.484305829518002
-6.490815881926137
-6.497325833134021
-6.503835912558969
-6.510345890932025
-6.516855997211704
-6.523366002587585
-6.529875907361451
-6.536385939806379
-6.542896099541272
-6.549406158667284
-6.555916117484132
-6.562426203358205
-6.568936189068916
-6.575446074913763
-6.581956087583181
-6.588466226701225
-6.594976265946283
-6.60148620561382
-6.607996271500102
-6.614506237952431
-6.62101633032263
-6.627526323402187
-6.634036217483411
-6.64054623725407
-6.647056382344873
-6.653566428430464
-6.660076375801169
-6.6665864482662816
-6.673096422157644
-6.679606520847884
-6.68611652110526
-6.692626423217009
-6.6991364499033175
-6.705646600801362
-6.712156431544557
-6.718666608425977
-6.725176465722065
-6.7316866684355405
-6.738196552131298
-6.7447065595954845
-6.75121669047006
-6.7577267238928345
-6.764236660145172
-6.770746719588863
-6.777256681998808
-6.783766767313465
-6.790276755730826
-6.796786866767636
-6.803296881043365
-6.809806798835518
-6.816316839030695
-6.8228267828769535
-6.829336848843207
-6.835846818594966
-6.842356910185051
-6.848866905694839
-6.855377022762629
-6.861887043884088
-6.868396969332033
-6.87490701612535
-6.881416967377602
-6.887927039697071
-6.894437016607699
-6.900947114308716
-6.907457116732886
-6.9139672396719325
-6.92047705214605
-6.926987200383052
-6.933497253606139
-6.9400072120826914
-6.946517290591784
-6.953027274484411
-6.959537164026091
-6.966047387303916
-6.972557302248402
-6.979067336746812
-6.985577277151665
-6.99208733684041
-6.998597302563783
-7.005107387302284
-7.011617378203382
-7.018127487852101
-7.024637503791173
-7.031147426280894
-7.037657467315264
-7.044167415026623
-7.050677481017149
-7.057187453810795
-7.06369754461936
-7.070207542356967
-7.07671744728047
-7.083227680390728
-7.089737820425077
-7.096247867639679
-7.102757822289761
-7.109267684629603
-7.115777873732869
-7.122287551828556
-7.128797974482751
-7.135307886635653
-7.141817706976511
-7.148327852669369
-7.154837906292272
-7.16134786809631
-7.1678577383316595
-7.174367932647566
-7.180878035139229
-7.187388046056166
-7.193897965646981
-7.200407794159382
-7.206917945364004
-7.213428005236551
-7.219937974024076
-7.226448264378979
-7.232958051362891
-7.239468159662817
-7.24597817711804
-7.252488103973195
-7.258998351028997
-7.265508097046544
-7.27201816301522
-7.278528138621181
-7.285038433196117
-7.2915482284372874
-7.298058342400157
-7.304568366236899
-7.311078300188267
-7.317588144494155
-7.324098306301344
-7.330608378217575
-7.337118360482123
-7.343628253333412
-7.3501384624751624
-7.356648581960366
-7.3631586120268295
-7.369668552911518
-7.376178404850557
-7.382688571757693
-7.3891986494776445
-7.395708638245936
-7.402218538297254
-7.40872875212507
-7.415238475090066
-7.421748511591765
-7.428258459603825
-7.434768720209403
-7.441278892088053
-7.447788575322509
-7.454298570793962
-7.460808877685079
-7.46731869697459
-7.473828827448167
-7.480338869884632
-7.486848824513636
-7.4933586915640324
-7.499868868635132
-7.5063789578936975
-7.512888959568007
-7.519398873885535
-7.5259090970693014
-7.532418837010332
-7.538928885585329
-7.545438847024094
-7.551949116182849
-7.558458903684516
-7.564968998675918
-7.5714790067509545
-7.577988928133622
-7.584499155984414
-7.591009296914574
-7.597519351147544
-7.6040293189059955
-7.610539200411838
-7.617049387144322
-7.623559096473532
-7.630069110802347
-7.636579429350753
-7.643089271491224
-7.649599417626559
-7.656109477719321
-7.662619451988811
-7.669129340653585
-7.675639532202985
-7.682149249982001
-7.688659270422116
-7.695169592755188
-7.7016794422981745
-7.70818959351285
-7.714699659329839
-7.721209639965151
-7.72771953563406
-7.734229731881317
-7.740739457936294
-7.74724948434952
-7.7537598103644605
-7.760269667152716
-7.766779823324795
-7.773289511340609
-7.779799881594792
-7.78630978411757
-7.792819602514248
-7.799329719109381
-7.805839751361668
-7.812349699481959
-7.818859944839842
-7.8253697250087875
-7.831879802200395
-7.838389795464856
-7.844899705011107
-7.851409910626643
-7.857920032310833
-7.86443007027211
-7.870940024718216
-7.8774498958562
-7.88396006190453
-7.890470144433043
-7.896980143648294
-7.903490059756152
-7.910000269729475
-7.9165100199276335
-7.923020063780986
-7.929530024726569
-7.936040278499816
-7.942550073933492
-7.949060161986293
-7.9555701673303645
-7.96208009016858
-7.96859030470058
-7.975100436519904
-7.981610112441602
-7.988120452829422
-7.994630337722418
-8.001140513184277
-8.007650234160083
-8.014160245498994
-8.020670546493985
-8.027180393905068
-8.033690530768467
-8.040200585714675
-8.046710558942516
-8.053220450650164
-8.05973063080338
-8.06624072923398
-8.072750746139675
-8.07926068171754
-8.085770536164004
-8.092280677955754
-8.098790738415016
-8.105300717737766
-8.111810616119344
-8.118320800854068
-8.124830904448158
-8.13134056058471
-8.13785086899336
-8.14436073033237
-8.15087087694016
-8.157380942791944
-8.16389092808091
-8.170400832999633
-8.176911022209277
-8.183420766672835
-8.189930795230449
-8.19644110720519
-8.202950975297869
-8.209461126612675
-8.215970835003445
-8.222481188870026
-8.228991100192893
-8.235500931897764
-8.242011045763723
-8.248521079817653
-8.255031034248375
-8.26154126997975
-8.268051065444117
-8.274561142016646
-8.281071139149491
-8.287581057029863
-8.294091255164302
-8.30060137385529
-8.307111413289604
-8.313621373653431
-8.320131255132374
-8.326641415826746
-8.333151497446481
-8.339661500176762
-8.34617142420219
-8.352681269706784
-8.3591913933956
-8.365701438375044
-8.372211404828725
-8.37872164863025
-8.385231458304803
-8.391741545140134
-8.398251553628292
-8.404761483951333
-8.411271690604863
-8.417781464867566
-8.424291515274875
-8.43080148769376
-8.43731173552533
-8.44382155223604
-8.450331644175003
-8.456841658301736
-8.463351594795796
-8.469861805699349
-8.47637193878722
-8.482881642915478
-8.489391972231994
-8.495901872945558
-8.50241169655677
-8.508921793490526
-8.5154318131398
-8.52194175568171
-8.52845197073869
-8.534962108507838
-8.541471820252681
-8.547981804241509
-8.554492059852786
-8.561001890232415
-8.567511992055149
-8.574022017114096
-8.58053196558398
-8.58704218470055
-8.593551980251432
-8.600062046270773
-8.60657203587081
-8.613082295237112
-8.619592132256534
-8.626102238865343
-8.632612269224147
-8.639122223505325
-8.645632101880727
-8.65214224897191
-8.658652319981531
-8.665162315081066
-8.671672234441477
-8.67818242164986
-8.684692532944657
-8.691202568496456
-8.697712528475336
-8.704222413050859
-8.710732564525456
-8.717242640423297
-8.723752640913588
-8.730262566165013
-8.73677241634576
-8.74328253248317
-8.749792573377563
-8.756302539196765
-8.76281277020806
-8.769322586125872
-8.775832667064728
-8.782342673091629
-8.788852604373034
-8.79536279991623
-8.801872581953461
-8.808382628082471
-8.814892937718145
-8.821402834594936
-8.827912657217936
-8.834422743094471
-8.840932754548229
-8.847443028590225
-8.853952891443123
-8.86046301671676
-8.866973067728331
-8.873483044641285
-8.879992947618588
-8.886503112188873
-8.893012867536365
-8.89952288431011
-8.906033161936831
-8.91254303107233
-8.919053160895526
-8.925563216937501
-8.932073199359577
-8.938583108322609
-8.945093277156477
-8.951603039439808
-8.958113061429463
-8.964623342559655
-8.971133217861386
-8.977643352140563
-8.984153413113225
-8.990663400938612
-8.997173315775504
-9.00368348878367
-9.010193257878923
-9.0167032849831
-9.023213239252744
-9.029723450892288
-9.036233589536344
-9.042743325770887
-9.04925331913358
-9.05576356906989
-9.062273417304015
-9.068783521951755
-9.075293554071685
-9.081803513819771
-9.088313729270705
-9.094823544506504
-9.101333615286084
-9.107843613845471
-9.11435354033942
-9.12086372167115
-9.127373830779515
-9.133883867818948
-9.140393832943436
-914.6903726306531
-915.3413873648311
-915.992394907169
-916.64339527299
-917.2943884775739
-917.9453745361564
-918.5963859072568
-919.2473901167467
-919.8983871798305
-920.5493771116699
-921.2003922790011
-921.8514002995896
-922.5024011885658
-923.153394961017
-923.8044138924134
-924.4553934541901
-925.1063981595033
-925.7573957629417
-926.4084184492226
-927.0594018711954
-927.7104103607106
-928.3614117629648
-929.0124060928564
-929.6634254223534
-930.3144376642962
-930.9654108212776
-931.6164409449525
-932.2674320132787
-932.9184160532755
-933.5694250026313
-934.2204269085331
-934.8714217856949
-935.522441505132
-936.1734541808298
-936.8244280154055
-937.4754584597046
-938.1264500921278
-938.7774347393038
-939.4284441396431
-940.0794465398017
-940.7304419543121
-941.3814620557403
-942.0324435205155
-942.6834496573781
-943.3344488227189
-943.985472601704
-944.6364578454744
-945.2874676881622
-945.938470573419
-946.5894665155989
-947.2404869912737
-947.8914690685987
-948.5424756647742
-949.1934753318307
-949.8444680840148
-34.765625
-34.36848942917495
-33.97135307494289
-33.57421875
-33.177082215473305
-32.779946300376494
-32.3828125
-31.98567642076294
-31.588539486240563
-31.19140319250924
-30.794267564360734
-30.39713419657356
-29.999998410542762
-29.60286171972349
-29.20572735257369
-28.80859375
-28.411457587410244
-28.014321309109636
-27.6171875
-27.220053640476717
-26.82291706171622
-26.425781250000004
-26.02864715642323
-25.631513930670852
-25.234377834449823
-24.837241609839094
-24.440107201623633
-24.042973708176273
-23.64583714242868
-23.248701448991323
-22.851567716679426
-22.454433925970857
-22.057296830994517
-21.660160652896305
-21.263027685615537
-20.865893541990097
-20.468756988757157
-20.071621446405196
-19.674486976149037
-19.277351789076654
-18.8802171027503
-18.483082304483315
-18.08594672777505
-17.688812341969058
-17.291677160910982
-16.894541834127825
-16.49740707368977
-16.100272181087956
-15.703137146295054
-15.306001958243037
-14.908866604684585
-14.511731893500105
-14.114597034330394
-13.717462014322471
-13.320326819090544
-12.923191893702812
-12.526056787980034
-12.12892197563393
-11.731786978396851
-11.334651776834596
-10.937516893646274
-10.540381799329992
-10.143246469087089
-9.746111485650507
-9.348976574439881
-8.951841745067792
-8.554706660558416
-8.157571648982463
-7.760436721536893
-7.363301487092963
-6.96616653486842
-6.569031462369438
-6.17189648781428
-5.774761373370553
-6.1588763719821085
-5.761741508826873
-5.364606511581373
-5.748721447065214
-5.351586446221232
-5.735701446539193
-5.338566167511581
-5.722681247279023
-5.325546233498237
-4.928411200660437
-5.312526366224496
-4.915391193511545
-5.299506285002085
-4.902371106318406
-5.286486270122906
-4.889351090825394
-4.492216193066058
-4.8763311476068365
-4.479196090010176
-4.8633111240434586
-4.466176065355599
-4.850291019488231
-4.453155952479891
-4.056021035584238
-4.440135918407698
-4.043000999727486
-4.427115963834298
-4.029980866313409
-4.4140959206725325
-4.016960819871425
-3.619825879856955
-4.003940861249984
-3.6068057208892954
-3.990920804620348
-3.5937858662681412
-3.977900836319453
-3.580765695096587
-3.183630726605384
-3.567745621572206
-3.170610645651964
-3.554725646767972
-3.1575906757736067
-3.541705561405607
-3.1445705814152722
-2.747435577008691
-3.1315505989441648
-2.7344155989766423
-3.1185304908485083
-2.721395477030047
-3.1055104954630783
-2.708375484187454
-2.311240433136207
-2.6953554841083234
-2.298220435031714
-2.682335337804933
-2.285200346822836
-2.669315322257116
-2.2721803309128545
-1.8750452989828297
-2.2591603061032317
-1.8620252714695738
-2.246140272239204
-1.8490052329191036
-2.233120229162399
-1.835985183096606
-1.438850183387758
-1.8229651217605582
-1.4258301086415326
-1.8099451515741813
-1.4128100844997318
-1.796925067204088
-1.399790045841416
-1.0026550176861695
-1.38676999225771
-0.9896349945721278
-1.3737499911184199
-0.9766149506788526
-1.3607299070432433
-0.9635949334894605
-0.5664598916402256
-0.9505748951139082
-0.553439855235337
-0.9375548346695449
-0.5404198237223113
-0.9245348015910895
-0.5273997753899995
-0.9115147459646896
-0.5143797315933807
-0.11724471890753761
-0.5013596926858237
-0.10422468160882117
-0.4883396590583829
-0.0912046451192658
-0.4753196311449597
-0.07818460519005618
-0.3189504130692049
-0.06516456534219454
-0.3319704476952021
-0.05214452738079709
-0.3449904901184642
-0.039124488539989226
-0.35801052322963917
-0.7551455540159041
-0.37103056369715776
-0.7681656025866974
-0.3840506107728381
-0.7811856243313375
-0.39707064914736007
-0.7942056792015003
-1.19134070263015
-0.8072257079076778
-1.2043607066310473
-0.820245740081273
-1.2173807708732907
-0.8332657755597477
-1.230400817751849
-1.6275358312884423
-1.243420847812176
-1.6405558571550751
-1.2564408986390485
-1.6535758707059818
-1.2694608962298726
-1.666595928111533
-2.0637309526445966
-1.6796159729033298
-2.076751036082678
-1.6926360053724534
-2.0897710199267547
-1.705656025801097
-2.1027910831861374
-2.4999260891479156
-2.1158111363601693
-2.5129461359705876
-2.1288311796338983
-2.525966174514967
-2.1418512131878713
-2.53898620490841
-2.9361211706085615
-2.5520062272756707
-2.9491413182078903
-2.565026241738972
-2.962161332099461
-2.578046392918585
-2.9751813392508866
-3.3723163840853734
-2.988201339750268
-3.385336385899898
-3.00122145780999
-3.398356491526476
-3.014241444727354
-3.411376481372525
-3.808511586403397
-3.4243964655454553
-3.8215315732329183
-3.4374165524844438
-3.8345516521672294
-3.450436633060377
-3.84757162862758
-4.2447066932395385
-3.8605916966414062
-4.257726755941221
-3.873611662943558
-4.270746726421747
-3.886631720253845
-4.2837667794479195
-4.680901810871444
-4.296786740870465
-4.693921776585835
-4.309806784394643
-4.70694181745102
-4.322826909278598
-4.719961932845085
-5.117096936538333
-4.732981964734645
-5.130116966970171
-4.746001913806949
-5.143137065851509
-4.759021937298698
-5.156156943666389
-5.553292068346831
-5.169177178624274
-5.5663120194875
-5.182197192942765
-5.579332034096324
-5.1952172751053425
-5.592352111730005
-5.989487080560818
-5.6053722519493645
-6.002507212442675
-5.618392189098205
-6.015527154696477
-5.631412189192934
-6.028547402904161
-6.425682229435689
-6.041567215155771
-6.438702285862341
-6.054587332604516
-6.451722396750148
-6.067607507700239
-6.46474233127114
-6.861877488909707
-6.477762550560031
-6.874897479246586
-6.490782593754774
-6.8879175208455825
-6.503802461912947
-6.9009376134165485
-7.06369754461936
-6.679582650772728
-7.07671744728047
-7.083227680390728
-7.089737820425077
-7.096247867639679
-7.102757822289761
-7.109267684629603
-7.115777873732869
-7.122287551828556
-7.128797974482751
-7.135307886635653
-7.141817706976511
-7.148327852669369
-7.154837906292272
-7.16134786809631
-7.1678577383316595
-7.174367932647566
-7.180878035139229
-7.187388046056166
-7.193897965646981
-7.200407794159382
-7.206917945364004
-7.213428005236551
-7.219937974024076
-7.226448264378979
-7.232958051362891
-7.239468159662817
-6.855353112617579
-7.252488103973195
-6.868373104511956
-7.265508097046544
-6.88139314771116
-7.278528138621181
-6.894413241924521
-6.510298282818525
-6.90743317113711
-6.523318261067569
-6.9204533669214054
-6.536338293384195
-6.9334733979431515
-6.549358379445945
-6.16524327986934
-6.562378518932922
-6.178263484500655
-6.575398484907867
-6.1912835045810395
-6.588418504571511
-6.204303581446964
-5.820188585024775
-6.2173234750700335
-5.833208531225391
-6.230343664940617
-5.846228538018669
-6.243363671861301
-5.859248605000674
-5.475133712215733
-5.872268731771051
-5.488153639426409
-5.885288664739616
-5.501173631120242
-5.898308657824247
-5.514193686840462
-5.130078915998461
-5.527213806134604
-5.1430988214772
-5.540233719591776
-5.156118795864153
-5.553253965323927
-5.169138838638623
-4.785023901529916
-5.182158949285146
-4.798043938026937
-5.19517912729342
-4.811064047665204
-5.208199086048583
-4.824084075407005
-4.439969121346623
-4.837104021913661
-4.452989141165299
-4.85012419507197
-4.466009073044939
-4.863144133446459
-4.479029250439733
-4.094914270779849
-4.492049173630303
-4.107934271341391
-4.505069175584974
-4.12095435751975
-4.518089255622812
-4.133974348277937
-3.7498593303999384
-4.146994424176889
-3.7628793084833654
-4.160014405317307
-3.7758993801625915
-4.173034471127219
-3.7889195444727326
-3.4048044917264555
-3.8019394085263447
-3.417824551401606
-3.814959561294875
-3.4308444963019866
-3.827979610562708
-3.443864544072966
-3.059749545665439
-3.4568845857878046
-3.0727695844763425
-3.469904621514676
-3.08578973730246
-3.482924651320733
-3.098809762273018
-2.714694725721704
-3.1118297807066977
-2.7277147377877324
-3.1248497926852083
-2.7407348784774466
-3.1378697982889032
-2.753754875405628
-2.3696398511752133
-2.7667748652456186
-2.3826599072234353
-2.779794982110151
-2.395679954442883
-2.7928149574459344
-2.408699992976725
-2.0245849861090646
-2.4217200229650535
-2.037605009561631
-2.434740044544962
-2.050625113946783
-2.4477601339465305
-2.0636451172127415
-1.6795301363663881
-2.0766652006495687
-1.692550168839889
-2.0896851844883155
-1.7055702438769997
-2.102705247745677
-1.7185902521281815
-1.3344752440443186
-1.731610302667156
-1.3474952905701771
-1.7446303411649222
-1.3605153901856988
-1.7576503678890707
-1.37353540577159
-0.9894204057870196
-1.3865554068630903
-1.0024404753370835
-1.3995754604079365
-1.0154604778548637
-1.412595499025841
-1.028480551716022
-0.6443655639155488
-1.0415005601130805
-0.6573855744787295
-1.0545205937880233
-0.6704056247188508
-1.0675406518159614
-0.6834256783000657
-0.29931068648307474
-0.6964457016037195
-0.3123307235277281
-0.7094657291145063
-0.32535076864674467
-0.7224857928313032
-0.33837079510455903
-0.0457441812851069
-0.3513908463878596
-0.03272414153175733
-0.36441087191642024
-0.019704103433787985
-0.37743092062179523
-0.006684064758808318
-0.3907990514900086
-0.006335973627479818
-0.37777900587464264
-0.019356012601324392
-0.3647589668494319
-0.03237605057600526
-0.3517389351462038
-0.7358538962315253
-0.3387188944246575
-0.7228338822287483
-0.3256988436032524
-0.7098138399706022
-0.3126788186519043
-0.696793801287747
-1.080908793914381
-0.6837737663844187
-1.0678887263317507
-0.6707537007689175
-1.054868682557631
-0.6577336734152216
-1.0418486634846318
-1.425963612220602
-1.028828624789238
-1.4129436318450121
-1.015808565716925
-1.3999235712417175
-1.0027885319106191
-1.3869034953024366
-1.7710185421598184
-1.3738834713787562
-1.757998456655645
-1.3608634325274995
-1.7449784119624647
-1.3478433783160693
-1.7319584090006712
-2.116073375080747
-1.7189383403583367
-2.1030533511978495
-1.7059183137188263
-2.0900333175958097
-1.6928982750377692
-2.0770132740918497
-2.461128227472405
-2.0639932204985816
-2.4481081718585176
-2.0509731566238565
-2.4350881840552785
-2.0379531736684573
-2.42206811135008
-2.806183158528758
-2.4090481070037693
-2.7931630793903772
-2.396028016652993
-2.7801429924278707
-2.3830079952152685
-2.7671230321576368
-3.1512379650837934
-2.754102929849909
-3.138217867077533
-2.7410829552922427
-3.125197881155542
-2.72806283720492
-3.112177889024128
-3.4962927905489507
-3.0991577704017215
-3.483272784431611
-3.0861377651082393
-3.4702527725940207
-3.073117753362267
-3.4572327549715522
-3.8413477268070704
-3.444212623337733
-3.82832760177408
-3.431192593537268
-3.8153075683671864
-3.4181725577489774
-3.802287627527644
-4.186402568491613
-3.7892675835864074
-4.173382433174884
-3.7762474354770292
-4.160362560905431
-3.7632273801021014
-4.147342415219348
-4.531457501626013
-4.134322353959175
-4.518437357859718
-4.121302377925069
-4.505417291576573
-4.108282306572204
-4.4923973034502716
-4.87651235401267
-4.479377227831617
-4.863492202779599
-4.466357230771053
-4.850472277082826
-4.4533371456543
-4.837452116687372
-5.221567284348243
-4.824432182996103
-5.208546983787286
-4.811412168144927
-5.1955270364392145
-4.798392071473182
-5.182507157438113
-5.566622010449741
-5.169487059048188
-5.553601981110963
-5.156467028587628
-5.540582015316705
-5.143447066572296
-5.527561843936731
-5.911676820142767
-5.514541735730608
-5.898656777859642
-5.501521691146867
-5.885636795338371
-5.488501710638291
-5.872616872976439
-6.256731699597262
-5.859596756871347
-6.243711645945988
-5.846576700598569
-6.230691648699453
-5.833556704558731
-6.217671708211993
-6.6017866378745795
-6.204651584679803
-6.5887665741621
-6.972881495152755
-6.575746563854741
-6.959861535210457
-6.562726607270357
-6.9468414117067185
-6.549706477220497
-6.933821338625615
-7.317936351839206
-6.920801316251731
-7.304916378250209
-6.907781344871785
-7.2918964531431625
-6.894761424774671
-7.278876167342471
-7.662991261252869
-7.265856339247999
-764.9971080550838
-725.2836149513181
-763.6951335672512
-723.9816007831639
-762.3931247040922
-800.8046216577933
-761.0911204465528
-799.5026219475881
-759.7891208183104
-798.2005893218584
-758.4870865514063
-796.8985984150388
-835.310085534325
-795.5966119728619
-834.0081026154792
-794.2945924967934
-832.7060881975639
-792.9925774062137
-831.4040779783671
-869.8155900478605
-830.1020719776458
-868.5135883329037
-828.8000702152813
-867.2115906814422
-827.4980727112791
-865.9095626944456
-904.3210646358021
-864.607573173247
-903.019078521015
-863.3055532495341
-901.7170633086428
-862.0035719321784
-900.4150519708869
-938.826576086244
-899.1130445245798
-937.5245726861838
-897.8110409866518
-936.2225412128837
-896.5090413741314
-934.9205453027574
-973.3320592410314
-933.6185531832864
-972.0300397449948
-932.3165329044681
-970.7280545324334
-931.0145483693368
-969.4260422570137
-1007.8375170064517
-968.1240335931259
-1006.5355120939962
-966.8220285553606
-1005.233540325985
-965.5200271583873
-1003.9315424601476
-1042.3430090872869
