Level1
16
7 1 1 
1 1 1 
1 1 
end
Level2
18
1 1 7 
7 1 1 
107 107 107 
end
Level3
18
7 7 7 
7 7 7 
7 101 7 
end
Level4
18
107 107 107 107 107 107 107 107 107 
end
Level5
20
1 1 1 
7 7 7 
1 1 1 
1 
end
Level6
22
7 7 7 
7 1 1 
1 0 1 101 0 
7 1 
end
Level7
24
1 1 1 
101 7 101 101 101 7 
1 1 1 
end
Level8
24
7 7 7 
1 1 1 
107 107 107 107 107 107 
end
Level9
26
7 7 7 
7 7 7 
107 101 107 101 107 107 101 
end
Level10
28
101 101 101 101 101 1 1 
7 7 7 
1 1 1 
7 
end
Level11
30
2 3 3 
103 103 103 103 103 103 103 103 103 103 103 
102 
end
Level12
30
103 103 102 102 102 103 102 103 103 103 102 
103 102 102 102 
end
Level13
32
2 2 2 
3 3 3 
2 2 2 
2 2 2 
2 2 2 
2 
end
Level14
34
103 102 102 103 102 103 102 102 103 103 102 
3 3 3 
103 103 103 
end
Level15
34
2 3 2 
3 3 3 
2 2 2 
102 102 102 102 102 102 102 102 
end
Level16
36
2 2 2 
0 0 0 102 102 102 0 102 0 0 102 
3 2 2 
2 2 3 
3 3 3 
2 
end
Level17
38
102 103 102 103 102 102 102 102 102 103 0 
2 2 2 
0 2 0 0 2 
2 3 3 
3 
end
Level18
40
3 2 2 
0 0 102 103 102 103 102 0 102 0 103 
2 102 102 2 102 
3 3 3 
103 103 
end
Level19
42
102 0 0 102 103 0 102 102 103 0 0 
3 3 3 
102 2 2 2 
3 3 0 0 0 
103 102 0 0 103 103 0 102 103 
end
Level20
44
3 3 2 
2 2 2 
0 3 3 3 
2 2 2 
2 3 3 
2 2 2 
2 2 2 
103 
end
Level21
46
14 14 14 
0 0 14 0 1 1 
14 14 14 
1 1 1 
1 14 14 
1 1 14 
14 1 14 
101 114 
end
Level22
48
1 1 1 
101 101 101 101 101 101 101 101 101 101 101 
1 1 1 
14 1 1 
14 14 14 
1 
end
Level23
48
1 0 1 0 0 
114 114 114 114 114 114 114 114 114 114 114 
114 101 114 114 114 114 114 114 101 101 114 
end
Level24
50
114 114 101 114 114 114 114 101 101 101 114 
14 14 14 
14 14 1 
1 1 1 
101 101 101 101 101 
end
Level25
52
14 14 14 
14 14 1 
14 14 14 
14 1 1 
14 14 14 
14 0 14 14 
14 1 14 
14 14 14 
1 14 
end
Level26
52
14 14 14 
14 1 1 
1 1 1 
14 14 14 
14 1 14 
14 14 14 
1 1 1 
14 14 1 
14 1 
end
Level27
54
1 1 1 
1 1 1 
101 101 101 101 101 101 101 101 101 101 101 
14 1 14 
1 14 1 
14 14 14 
14 
end
Level28
56
14 101 101 101 101 101 14 
1 1 1 
1 14 0 1 
1 1 14 
1 1 1 
1 14 1 
14 14 14 
1 0 1 1 
end
Level29
56
1 1 1 
114 114 101 101 101 101 114 114 101 101 114 
1 1 1 
14 14 14 
0 14 14 14 
14 14 14 
14 14 
end
Level30
56
1 1 1 
114 114 114 114 114 114 114 114 114 114 114 
1 1 1 
14 14 14 
101 101 101 101 101 101 101 101 
end
Level31
58
101 101 101 107 101 101 107 101 101 101 101 
107 107 107 107 107 1 107 
1 1 1 
7 7 7 
7 1 7 
7 7 
end
Level32
60
1 1 1 
7 1 1 
7 1 7 
7 7 7 
1 1 1 
7 7 7 
1 7 7 
101 101 101 101 101 101 101 101 101 
end
Level33
62
1 1 1 
1 1 7 
7 7 7 
7 7 1 
107 107 101 107 107 107 107 107 101 107 101 
7 7 7 
101 107 101 101 107 
end
Level34
62
107 107 107 107 101 101 107 107 107 107 107 
101 101 101 101 101 101 101 101 101 101 101 
7 7 7 
1 1 1 
1 1 1 
end
Level35
64
101 101 101 101 101 101 101 101 101 101 101 
7 7 7 
7 7 7 
107 107 107 107 107 107 101 101 101 101 107 
7 7 7 
1 
end
Level36
66
1 1 1 
7 107 107 107 107 107 7 
1 1 1 
107 1 1 1 
1 1 7 
107 107 107 107 107 107 107 107 107 107 107 
7 107 
end
Level37
66
7 1 1 
1 1 1 
1 1 1 
7 7 7 
7 7 7 
0 107 107 107 107 107 107 107 107 0 107 
1 1 1 
7 7 7 
1 1 1 
end
Level38
68
1 1 1 
1 7 1 
1 107 1 1 
107 1 1 1 
7 1 7 
107 107 1 107 1 
7 7 7 
0 7 7 1 
7 1 7 
1 1 1 
end
Level39
68
7 7 7 
7 7 7 
7 7 7 
7 7 107 7 
7 7 7 
1 1 1 
7 7 1 
7 7 0 7 
107 107 101 107 107 101 101 107 101 
end
Level40
68
7 7 7 
1 1 1 
1 1 1 
1 1 1 
7 107 107 107 7 
1 1 1 
1 107 107 107 1 
7 7 7 
1 7 1 
107 107 107 
end
Level41
68
2 2 2 
1 2 1 
1 1 1 
1 1 1 
101 101 101 101 101 101 101 101 101 101 101 
1 1 1 
1 1 2 
1 2 1 
101 101 
end
Level42
68
1 1 1 
102 102 102 102 102 101 102 101 102 102 102 
2 2 2 
102 102 102 102 102 102 102 102 102 102 102 
102 102 2 102 102 102 
end
Level43
68
1 1 1 
2 2 2 
102 1 102 1 1 
102 102 102 102 2 2 
1 1 1 
1 1 1 
1 2 1 
2 2 2 
2 2 2 
2 2 
end
Level44
70
1 1 2 
102 2 102 102 102 2 
2 102 2 2 
2 2 2 
1 1 1 
2 2 2 
101 101 101 101 101 101 101 101 101 101 101 
2 2 
end
Level45
70
2 2 2 
102 101 101 101 102 102 101 101 102 101 102 
102 102 102 102 102 102 102 102 102 102 102 
2 2 1 
2 2 2 
102 102 102 102 
end
Level46
72
2 2 2 
101 102 101 102 101 101 102 102 101 102 101 
2 1 1 
1 1 1 
101 101 101 101 101 101 101 101 101 101 101 
1 1 1 
2 2 
end
Level47
72
2 2 2 
2 2 2 
1 1 1 
1 1 1 
102 1 1 102 102 
1 2 1 
102 101 102 102 0 101 102 101 102 102 102 
101 101 101 101 101 101 
end
Level48
74
2 2 1 
101 101 0 101 101 101 101 0 101 0 101 
2 2 2 
2 2 2 
2 1 1 
2 2 2 
2 2 2 
0 2 0 2 0 
2 2 2 
1 1 1 
1 1 1 
end
Level49
76
102 102 0 101 102 0 102 102 102 0 102 
101 101 101 101 101 101 101 101 101 101 101 
2 1 2 
2 2 2 
2 2 2 
2 1 1 
102 102 102 102 102 2 2 
end
Level50
76
2 102 2 102 102 
2 2 2 
2 2 2 
1 1 1 
1 1 1 
2 2 2 
102 101 101 102 101 101 102 102 102 102 102 
102 102 102 102 102 102 102 
end
Level51
78
14 14 14 
105 105 105 105 105 105 105 105 105 105 105 
14 14 14 
114 114 114 105 105 105 114 114 105 114 114 
14 14 14 
14 5 14 
114 114 114 105 105 
end
Level52
80
105 5 5 105 5 
5 5 14 
5 5 5 
105 105 105 105 114 105 105 105 105 0 0 
5 5 14 
105 105 0 105 105 105 105 105 105 0 105 
14 14 14 
5 5 105 5 
14 
end
Level53
80
5 5 5 
5 5 5 
105 114 114 105 105 114 105 105 114 114 105 
14 5 14 
14 14 14 
14 14 5 
5 14 5 
5 5 5 
14 14 14 
14 14 14 
5 5 
end
Level54
82
114 105 105 114 105 114 105 105 114 114 114 
14 14 14 
5 5 5 
105 114 114 114 114 105 105 114 114 105 114 
5 5 14 
14 14 14 
114 105 105 114 114 105 105 
end
Level55
82
5 5 5 
14 14 14 
14 14 14 
0 5 14 5 
5 5 5 
105 5 5 5 
5 5 5 
14 14 14 
5 5 14 
5 5 5 
114 105 105 114 105 105 105 105 114 114 
end
Level56
82
14 14 14 
5 5 14 
14 5 5 
114 114 114 114 114 114 114 114 114 114 114 
105 105 105 105 105 105 105 105 105 105 105 
5 5 5 
14 14 14 
105 105 105 105 
end
Level57
84
5 5 5 
5 14 5 
14 14 14 
5 5 5 
5 5 5 
0 14 14 14 
5 5 14 
5 14 5 
5 5 5 
5 5 5 
14 14 14 
5 5 5 
14 14 14 
14 14 14 
end
Level58
86
5 0 5 0 0 14 
14 14 14 
14 14 14 
14 14 14 
105 5 5 5 
5 5 5 
14 14 14 
14 14 14 
5 5 5 
5 14 5 
5 5 5 
14 14 14 
14 14 14 
105 105 105 
end
Level59
88
5 5 5 
105 5 5 5 
14 14 14 
14 14 14 
14 14 14 
105 105 105 105 105 0 105 105 105 105 105 
114 114 105 114 105 105 114 105 114 105 114 
5 5 5 
5 14 14 
14 
end
Level60
90
14 14 14 
14 14 14 
14 14 5 
5 5 5 
14 14 5 
114 114 114 114 114 114 114 114 114 114 114 
14 14 5 
114 114 114 114 114 114 114 114 114 114 114 
105 105 114 114 114 
end
Level61
92
109 114 109 109 109 114 109 109 109 114 114 
14 14 14 
14 14 0 0 14 
14 14 14 
9 9 9 
14 14 14 
14 14 9 
9 9 14 
14 9 14 
109 109 109 109 109 0 109 109 109 109 109 
14 
end
Level62
92
14 14 14 
9 9 9 
14 14 14 
0 109 0 0 109 109 109 0 14 
114 114 114 114 114 114 114 114 114 114 114 
9 9 9 
14 14 14 
9 14 14 
14 14 14 
14 14 9 
9 14 9 
14 14 14 
end
Level63
92
14 14 14 
114 114 114 114 114 114 114 114 114 114 114 
109 109 109 109 109 109 109 109 109 109 109 
114 109 109 114 109 109 109 109 114 109 114 
14 14 9 
9 9 9 
14 9 9 
9 
end
Level64
94
114 109 109 114 109 114 109 109 109 109 114 
14 14 14 
109 109 109 114 114 114 0 0 109 109 0 
109 109 109 109 0 0 109 109 109 0 109 
14 14 0 0 14 
14 14 0 0 0 
109 14 109 14 109 
14 9 14 
9 9 9 
14 
end
Level65
94
14 14 14 
14 14 14 
14 9 14 
14 14 9 
9 9 9 
14 14 14 
9 9 9 
109 109 109 109 109 109 109 109 109 109 109 
14 14 14 
9 9 9 
14 9 14 
9 0 0 9 0 
14 14 14 
14 
end
Level66
96
109 9 109 9 9 
14 14 14 
9 9 9 
9 14 14 
9 9 9 
109 109 109 9 9 
9 9 9 
109 114 109 109 109 109 109 109 114 114 109 
114 114 114 114 114 114 114 114 114 114 114 
9 
end
Level67
96
0 9 9 9 
9 9 9 
14 14 14 
9 9 109 109 9 
9 0 9 9 
114 114 114 114 114 114 114 114 114 114 114 
109 114 109 114 109 109 114 109 114 109 109 
9 9 9 
14 9 9 
9 9 9 
end
Level68
98
14 14 14 
14 9 9 
14 9 14 
0 0 0 9 0 9 
14 9 14 
9 9 9 
9 9 9 
14 14 9 
114 114 114 114 114 114 114 114 114 114 114 
9 9 9 
14 9 9 
9 14 9 
109 109 9 9 9 
9 
end
Level69
100
14 14 14 
14 109 109 109 109 14 
9 9 14 
9 9 9 
9 9 9 
14 14 14 
114 114 114 114 114 114 114 114 114 114 114 
9 9 9 
9 9 9 
14 14 14 
9 14 9 
14 9 9 
14 109 109 
end
Level70
102
114 114 109 109 109 114 114 114 114 114 114 
14 14 109 14 
14 14 14 
109 109 109 109 109 109 9 
9 14 9 
114 114 114 114 114 114 114 114 114 114 114 
9 14 14 
14 14 14 
14 14 0 14 
14 9 9 
end
Level71
102
102 102 102 102 102 102 102 102 102 102 102 
3 3 3 
2 2 2 
2 2 2 
3 0 3 3 
3 3 2 
3 2 2 
102 102 102 102 0 102 102 102 102 0 0 
3 3 3 
3 3 3 
2 2 2 
2 2 2 
2 2 
end
Level72
104
2 2 3 
103 103 103 102 102 102 102 103 103 103 102 
0 0 2 2 2 
3 3 3 
2 2 2 
3 3 3 
3 3 0 3 
102 102 102 102 102 102 102 102 102 102 102 
2 2 2 
2 3 3 
3 3 3 
3 3 3 
end
Level73
104
3 3 2 
3 3 3 
3 3 3 
3 3 2 
2 2 2 
2 3 2 
3 3 3 
3 2 2 
3 3 0 3 
103 103 103 103 103 103 102 102 102 102 102 
3 3 3 
2 3 2 
102 103 102 103 102 102 102 103 
end
Level74
106
2 2 2 
3 3 2 
3 2 3 
3 2 2 
3 2 3 
2 2 2 
3 3 3 
3 3 3 
2 2 3 
3 3 3 
3 3 3 
102 103 103 103 103 102 102 103 103 102 103 
3 2 2 
3 2 2 
102 3 3 
end
Level75
108
2 2 2 
2 3 3 
2 2 2 
3 3 3 
2 3 3 
103 102 103 103 103 103 102 103 102 103 102 
2 3 2 
2 2 2 
3 3 3 
2 2 2 
3 2 2 
102 102 103 102 103 103 103 103 102 103 103 
3 3 
end
Level76
108
102 102 102 2 102 2 
3 2 3 
103 103 103 103 103 103 103 103 103 103 103 
3 3 3 
2 2 2 
3 0 3 3 
2 2 2 
3 3 3 
3 3 2 
102 102 102 102 102 102 102 102 102 102 102 
102 103 102 102 102 
end
Level77
110
2 3 3 
2 2 2 
102 3 102 102 3 
103 103 102 102 102 102 102 102 102 102 103 
3 3 102 3 
0 2 2 2 
3 102 102 3 102 
3 3 3 
2 3 2 
3 3 3 
3 3 3 
3 3 3 
103 103 103 103 103 103 
end
Level78
112
102 102 0 102 102 0 102 0 102 102 102 
3 2 2 
2 2 2 
102 102 3 102 3 
103 103 102 103 103 103 102 102 103 102 103 
3 3 2 
2 2 2 
3 3 3 
3 3 3 
2 2 2 
102 102 102 102 102 102 102 102 102 102 102 
end
Level79
112
102 102 0 103 102 102 0 102 102 0 102 
2 2 2 
0 3 3 102 102 
2 2 2 
2 3 3 
102 2 2 2 
3 3 3 
0 0 3 0 3 
102 102 3 3 102 
102 102 3 3 3 
102 102 103 103 102 103 102 103 102 103 102 
3 3 3 
103 103 
end
Level80
114
103 103 103 103 102 102 103 103 102 102 102 
3 3 2 
102 102 102 102 102 102 102 102 102 102 102 
2 2 2 
3 102 102 102 102 102 102 
3 3 3 
2 3 3 
102 2 2 2 
3 3 3 
2 2 2 
2 3 3 
2 2 2 
end
Level81
114
114 114 114 14 14 
14 14 14 
14 13 13 
14 14 14 
14 14 14 
14 14 14 
14 14 14 
13 13 13 
13 14 13 
13 13 13 
13 13 13 
14 13 14 
13 13 13 
114 114 113 113 113 114 114 113 114 114 114 
13 13 13 
13 14 
end
Level82
116
13 13 13 
13 13 14 
113 113 113 113 113 113 113 113 113 113 113 
14 13 14 
13 13 13 
13 13 13 
13 13 13 
14 14 14 
0 13 14 14 
13 13 14 
14 14 14 
13 13 13 
13 14 14 
13 13 13 
114 114 114 0 0 113 114 114 114 114 
end
Level83
118
14 14 14 
114 113 113 114 114 113 114 113 114 113 113 
114 13 114 13 114 
14 14 14 
114 114 114 13 13 
14 14 14 
114 114 114 114 114 114 114 114 114 114 114 
14 14 13 
13 13 13 
13 14 13 
113 113 113 113 0 113 113 113 113 0 0 
14 
end
Level84
120
13 13 13 
13 13 13 
14 14 14 
113 113 113 113 113 113 113 113 113 113 113 
13 13 14 
113 113 113 113 0 113 113 113 113 113 113 
13 13 13 
114 14 14 114 114 
13 13 14 
14 14 14 
13 13 13 
114 13 0 0 13 
14 14 13 
14 13 14 
13 
end
Level85
120
13 13 13 
14 13 13 
13 13 13 
14 14 14 
14 14 14 
114 114 114 114 114 113 114 113 114 113 113 
13 14 13 
13 13 13 
13 13 13 
13 13 13 
114 114 114 114 114 13 13 
114 114 114 114 114 114 114 114 114 114 114 
14 14 14 
114 
end
Level86
122
13 13 13 
14 14 14 
114 14 14 114 114 
13 13 13 
14 14 14 
0 113 0 114 113 114 114 113 114 114 114 
113 113 113 113 113 113 113 113 113 113 113 
13 14 13 
13 13 13 
13 13 13 
13 13 14 
14 14 14 
13 13 13 
14 13 14 
13 14 14 
end
Level87
124
13 13 13 
0 113 0 113 113 113 113 0 113 0 0 
13 13 14 
114 114 114 114 14 14 
13 13 13 
14 14 14 
13 13 13 
114 113 0 0 113 113 113 113 113 114 0 
13 13 114 13 
14 14 13 
14 14 14 
14 14 14 
114 114 114 114 114 114 114 114 114 114 114 
13 14 13 
end
Level88
126
13 13 13 
13 13 13 
14 14 14 
14 14 13 
14 14 14 
14 14 14 
13 13 13 
13 13 13 
14 14 14 
113 114 113 113 114 113 114 114 113 114 114 
14 14 14 
13 13 13 
14 13 14 
0 13 0 13 13 
13 13 13 
113 114 113 114 114 113 114 113 113 114 
end
Level89
128
13 13 14 
14 13 13 
13 13 13 
114 14 114 14 114 
14 13 13 
13 14 14 
14 14 14 
0 113 0 0 0 114 114 113 114 0 113 
114 14 14 114 14 
13 13 13 
113 114 113 114 114 113 114 114 114 113 113 
13 13 13 
113 113 113 114 114 113 114 113 113 113 114 
13 13 
end
Level90
128
13 13 13 
13 13 13 
13 13 13 
114 114 114 114 114 114 114 114 114 114 114 
13 0 0 13 13 
114 114 113 113 114 113 114 113 113 114 114 
13 13 13 
14 14 14 
13 13 13 
13 13 13 
14 14 0 14 
114 13 13 13 
114 114 114 114 114 114 114 114 114 114 114 
end
Level91
130
9 9 9 
109 8 109 8 8 
8 8 8 
8 8 8 
8 0 0 0 8 
9 8 9 
108 108 108 108 108 108 108 108 108 108 108 
9 0 109 9 9 
109 109 9 9 9 
9 9 9 
8 8 8 
9 8 8 
8 8 8 
9 9 9 
8 8 9 
9 9 9 
8 8 8 
0 8 8 
end
Level92
132
8 9 9 
9 8 9 
9 9 9 
0 0 9 0 9 
8 8 8 
9 9 8 
9 8 9 
109 108 109 108 109 109 108 108 109 109 108 
8 8 8 
8 9 8 
109 109 109 108 108 108 109 109 108 109 108 
0 9 9 0 8 
8 8 8 
9 9 8 
8 8 9 
8 8 8 
9 9 0 0 0 
9 
end
Level93
132
8 9 8 
109 0 109 109 108 109 109 108 109 108 109 
109 8 109 8 8 
9 9 9 
8 8 8 
9 9 9 
9 9 9 
9 9 9 
8 109 109 109 8 
8 8 8 
108 108 108 108 108 108 108 108 108 108 108 
8 8 9 
9 9 8 
8 8 8 
108 108 108 108 108 
end
Level94
134
9 9 9 
109 109 109 109 109 109 109 109 109 109 109 
9 9 9 
8 8 8 
8 8 8 
8 8 8 
109 109 9 109 9 
8 8 8 
8 8 8 
0 8 8 8 
9 9 9 
109 109 109 109 109 109 109 109 109 109 109 
8 8 8 
109 109 109 109 109 109 109 109 109 109 
end
Level95
136
8 8 9 
109 109 109 109 9 109 109 
109 109 9 9 109 
8 9 8 
8 9 8 
9 8 8 
9 9 9 
108 109 109 109 109 109 109 109 108 109 109 
9 9 9 
8 109 109 109 109 109 109 
0 9 9 9 
108 108 108 108 108 108 108 108 108 108 108 
8 8 9 
9 8 8 
end
Level96
136
109 109 108 109 109 109 108 109 108 109 108 
9 8 8 
8 8 8 
9 8 8 
9 9 9 
9 9 9 
9 9 9 
9 9 9 
108 109 108 109 109 0 108 0 109 108 109 
9 9 9 
9 9 9 
9 8 8 
9 9 9 
9 8 8 
8 9 9 
9 9 9 
8 8 8 
8 8 8 
end
Level97
138
8 8 8 
9 9 8 
108 108 108 109 109 108 108 109 108 109 109 
9 9 9 
8 8 8 
9 109 109 109 9 
109 109 108 109 109 108 109 108 109 109 109 
109 108 108 108 108 108 109 108 109 108 109 
9 109 9 9 
108 108 108 108 108 108 108 108 108 108 108 
9 9 8 
108 
end
Level98
140
109 109 108 109 109 109 0 109 109 109 109 
8 9 9 
8 8 8 
8 8 9 
108 108 108 108 108 108 108 108 108 108 108 
9 9 9 
9 9 9 
8 8 8 
8 8 8 
9 9 9 
9 9 9 
8 8 8 
9 8 9 
9 8 9 
8 8 8 
9 9 9 
9 9 9 
9 8 9 
9 
end
Level99
142
9 9 8 
8 9 8 
8 9 9 
8 8 9 
8 8 8 
109 109 109 109 9 109 109 
9 8 9 
9 9 8 
9 9 9 
8 9 8 
9 9 8 
8 8 8 
109 109 109 109 109 109 109 109 109 109 109 
8 8 8 
9 8 8 
9 109 109 9 0 
8 8 8 
8 8 8 
9 9 9 
8 
end
Level100
144
8 8 8 
9 9 9 
8 8 8 
9 9 9 
109 9 109 9 9 
8 8 8 
8 8 8 
9 9 9 
8 8 9 
8 8 8 
9 8 8 
8 8 8 
109 108 108 109 109 108 108 108 108 108 109 
8 8 8 
9 9 9 
8 9 8 
9 9 9 
9 9 9 
8 0 0 8 8 
8 8 8 
8 8 
end
