Level1
18
7 1 1 
1 1 1 
1 1 1 
end
Level2
24
1 1 7 
7 1 1 
107 107 107 107 107 107 
end
Level3
28
7 7 7 
7 7 7 
7 101 7 7 
107 107 107 107 
end
Level4
34
1 1 1 
7 7 7 
1 1 1 
1 1 1 
1 1 1 
7 7 
end
Level5
42
7 7 7 
1 1 1 
1 7 7 
7 1 7 
1 1 1 
101 7 101 101 101 7 
end
Level6
48
1 1 1 
7 7 7 
1 1 1 
107 107 107 107 107 107 107 107 107 107 107 
1 1 1 
107 
end
Level7
56
1 7 1 
7 7 7 
107 107 107 107 107 107 107 107 107 107 107 
101 101 0 0 101 0 0 101 101 101 101 
7 7 7 
7 
end
Level8
62
107 107 107 107 107 107 107 107 107 107 107 
101 101 107 107 107 101 101 101 107 101 107 
0 7 0 7 7 
1 1 1 
107 101 107 
end
Level9
68
1 1 1 
1 1 1 
1 1 1 
7 7 7 
7 1 1 
0 101 0 101 101 101 107 0 0 101 0 
7 1 7 
1 1 1 
7 7 7 
101 101 101 101 
end
Level10
74
1 1 1 
0 0 0 101 101 101 0 101 0 0 101 
7 1 1 
1 1 7 
7 7 7 
1 7 1 
7 1 7 
101 101 101 101 107 0 101 101 0 101 0 
1 1 1 
7 7 7 
end
Level11
80
3 8 8 
0 0 108 103 108 103 108 0 108 0 103 
8 108 108 8 108 
3 3 3 
103 103 103 103 103 103 103 103 103 103 103 
8 8 8 
108 0 0 108 103 0 108 108 103 0 0 
3 3 
end
Level12
88
8 8 8 
3 3 0 0 0 
103 108 0 0 103 103 0 108 103 0 0 
3 3 3 
3 3 3 
8 8 8 
8 8 8 
0 3 3 3 
8 8 8 
8 3 3 
8 8 8 
8 8 8 
103 108 103 103 0 0 103 0 0 103 
end
Level13
92
8 108 8 108 8 
0 0 3 3 0 
3 8 3 
108 103 108 108 108 108 108 103 108 108 103 
8 3 8 
3 3 3 
3 3 3 
103 103 103 103 103 103 103 103 103 103 103 
103 108 103 103 103 
end
Level14
96
3 8 8 
3 0 3 3 
3 3 3 
3 3 3 
103 108 103 103 108 108 108 103 103 108 103 
8 3 8 
8 8 8 
8 8 8 
3 8 8 
3 3 3 
3 0 3 3 
3 8 3 
3 3 3 
8 
end
Level15
100
3 3 3 
8 3 8 
8 3 3 
3 3 3 
3 3 8 
3 3 8 
3 8 8 
8 8 8 
8 8 8 
108 108 108 108 108 108 108 108 108 108 108 
3 8 3 
8 3 8 
3 3 3 
3 3 3 
end
Level16
108
103 103 103 103 103 103 103 103 103 103 103 
108 108 108 3 3 
8 3 0 8 
8 8 3 
8 8 8 
8 3 8 
3 3 3 
8 0 8 8 
3 3 3 
8 8 8 
103 103 108 108 108 108 103 103 108 108 103 
8 8 8 
end
Level17
114
0 3 3 3 
3 3 3 
3 3 8 
8 8 8 
103 103 103 103 103 103 103 103 103 103 103 
8 8 8 
3 3 3 
108 108 108 108 108 108 108 108 108 108 108 
3 3 3 
8 3 3 
3 3 3 
3 3 3 
3 3 3 
3 8 
end
Level18
120
3 3 3 
8 8 8 
8 3 8 
8 8 3 
3 3 3 
8 3 3 
8 3 8 
8 8 8 
3 3 3 
8 8 8 
3 8 8 
103 103 103 103 103 103 103 103 103 103 103 
3 3 3 
3 3 3 
3 3 8 
8 8 8 
8 8 3 
108 
end
Level19
126
8 8 8 
8 8 8 
108 108 108 108 108 0 108 108 108 108 0 
108 108 108 108 103 103 108 108 108 108 108 
103 103 103 103 103 103 103 103 103 103 103 
8 8 8 
3 3 3 
3 3 3 
3 8 8 
8 8 8 
8 8 8 
8 8 8 
108 108 108 108 108 
end
Level20
132
3 3 3 
3 3 3 
8 8 8 
3 3 3 
3 8 8 
108 108 108 108 3 108 108 
103 103 103 103 103 103 103 103 103 103 103 
8 8 3 
3 8 8 
8 108 8 8 
8 8 8 
3 3 3 
3 3 8 
8 8 8 
0 108 108 108 108 108 108 108 108 0 108 
3 3 
end
Level21
138
9 9 9 
101 9 101 9 101 
9 101 9 9 
101 9 9 9 
1 9 1 
101 101 9 101 9 
1 1 1 
0 1 1 9 
1 9 1 
9 9 9 
9 9 9 
1 1 1 
1 1 1 
1 1 1 
1 1 101 1 
1 1 1 
9 9 9 
1 1 9 
1 1 0 1 
101 101 109 101 101 
end
Level22
142
109 109 109 109 109 109 109 109 109 109 109 
109 109 101 109 109 109 101 101 109 109 109 
9 9 1 
109 109 109 109 109 109 109 109 109 109 109 
9 9 9 
9 9 9 
1 1 1 
1 1 1 
9 1 9 
101 101 101 101 101 101 101 101 101 101 101 
9 0 9 9 
9 9 9 
9 9 9 
end
Level23
148
109 109 109 109 109 109 109 109 109 109 109 
9 9 9 
9 9 1 
9 1 9 
109 109 109 109 109 109 109 109 109 109 109 
9 1 1 
1 1 1 
9 9 9 
1 1 1 
101 101 1 101 101 101 101 
9 9 9 
1 1 1 
101 9 101 9 9 
101 101 101 101 1 1 
9 9 9 
9 9 9 
9 
end
Level24
154
9 9 9 
1 1 1 
1 1 1 
1 1 1 
1 9 9 
1 101 1 101 101 
9 9 9 
101 101 109 101 101 101 109 101 109 101 101 
1 1 1 
101 109 109 109 101 101 109 109 101 109 101 
101 101 101 101 101 101 101 101 101 101 101 
1 1 9 
1 1 1 
101 101 101 101 101 101 101 101 101 101 101 
9 
end
Level25
160
1 0 1 1 
1 9 9 
1 9 1 
9 9 9 
1 9 9 
9 9 9 
109 109 109 109 109 109 109 109 109 109 109 
9 9 9 
1 1 1 
1 1 9 
9 9 9 
101 9 9 101 101 
9 1 9 
101 109 101 101 0 109 101 109 101 101 101 
109 109 109 109 109 109 109 109 109 109 109 
101 101 101 101 101 101 101 101 101 101 
end
Level26
168
101 109 109 101 109 109 109 101 101 109 109 
0 101 101 101 101 101 109 0 101 101 101 
9 9 9 
9 1 9 
1 1 1 
9 9 9 
9 9 9 
9 1 1 
9 1 9 
1 1 1 
101 101 101 101 101 101 101 101 101 101 101 
1 1 1 
9 9 9 
9 1 9 
101 101 101 109 101 109 109 101 109 109 109 
109 101 101 109 101 101 109 101 0 109 
end
Level27
176
1 1 1 
9 9 9 
9 9 9 
1 1 1 
101 109 109 101 109 109 101 101 101 101 101 
101 101 101 101 101 101 101 101 101 101 101 
9 9 9 
9 9 9 
101 101 101 101 101 101 101 101 101 101 101 
9 9 9 
109 109 109 101 101 101 109 109 101 109 109 
9 9 9 
9 1 9 
109 109 109 101 101 101 101 0 101 101 109 
1 1 1 
1 1 9 
1 
end
Level28
180
1 1 1 
1 1 9 
101 101 101 109 109 109 101 101 109 101 109 
1 1 1 
1 1 1 
101 109 109 109 101 109 109 109 101 101 101 
1 9 1 
1 1 1 
9 9 1 
1 1 1 
9 9 9 
1 1 1 
0 0 1 9 0 1 
9 9 9 
9 9 9 
9 9 1 
1 9 1 
1 1 1 
9 9 9 
9 9 9 
1 1 9 
109 101 101 109 101 109 101 101 109 109 109 
end
Level29
184
1 1 1 
101 109 109 109 109 101 101 109 109 101 109 
1 1 9 
9 9 9 
109 101 101 109 109 101 101 101 101 0 101 
1 0 0 1 1 
0 1 9 1 
1 1 1 
101 1 1 1 
1 1 1 
9 9 9 
1 1 9 
1 1 1 
109 101 101 109 101 101 101 101 109 109 109 
9 9 9 
1 1 9 
9 1 1 
109 109 109 109 109 109 109 109 109 109 109 
101 101 101 101 101 101 
end
Level30
192
9 9 9 
101 101 101 101 101 101 101 101 101 101 0 
1 1 1 
1 1 1 
0 9 9 9 
1 1 9 
1 9 1 
1 1 1 
1 1 1 
9 9 9 
1 1 1 
9 9 9 
9 9 9 
9 1 9 
0 0 1 1 1 
1 1 101 1 
9 9 9 
1 1 1 
9 9 9 
9 9 9 
1 1 1 
1 9 1 
1 1 1 
9 9 9 
9 9 9 
101 101 101 101 101 101 101 101 101 101 101 
101 101 
end
Level31
196
9 9 13 
13 13 13 
13 13 13 
109 109 109 109 109 0 109 109 109 109 109 
113 113 109 113 109 109 113 109 113 109 113 
9 9 9 
9 13 13 
13 9 13 
13 13 13 
13 13 9 
9 9 9 
13 13 9 
113 113 113 113 113 113 113 113 113 113 113 
13 13 9 
113 113 113 113 113 113 113 113 113 113 113 
109 109 113 113 113 113 113 109 113 109 109 
109 9 9 9 
0 0 0 13 13 
113 109 113 113 109 
end
Level32
204
13 9 13 
13 13 13 
9 9 9 
9 13 9 
13 13 13 
109 109 109 109 109 0 109 109 109 109 109 
13 13 13 
13 9 9 
9 13 9 
9 109 0 109 0 0 109 
13 13 9 
113 113 113 113 113 113 113 113 113 113 113 
9 9 9 
13 13 13 
9 13 13 
13 13 13 
13 13 9 
9 13 9 
13 13 13 
13 13 13 
13 13 13 
113 113 113 113 113 113 113 113 113 113 113 
109 109 109 109 109 109 109 109 109 109 109 
113 
end
Level33
210
9 9 9 
13 13 13 
109 109 109 109 109 109 109 109 109 109 109 
9 9 13 
113 109 113 113 109 109 113 113 109 109 109 
9 9 9 
13 13 13 
113 109 109 113 109 113 109 109 109 109 113 
13 13 13 
109 109 109 113 113 113 0 0 109 109 0 
109 109 109 109 0 0 109 109 109 0 109 
13 13 0 0 13 
13 13 0 0 0 
109 13 109 13 109 
13 9 13 
9 9 9 
13 13 13 
13 13 13 
13 13 13 
13 13 13 
13 9 13 
13 13 9 
9 9 9 
13 
end
Level34
216
9 9 9 
9 9 13 
9 9 9 
13 9 13 
9 0 0 9 0 
13 13 13 
13 13 9 
13 13 13 
0 109 109 109 0 109 109 109 109 109 0 
13 13 13 
13 9 9 
9 9 9 
109 113 109 109 109 109 109 109 113 113 109 
113 113 113 113 113 113 113 113 113 113 113 
9 9 9 
13 13 13 
0 9 9 9 
9 9 9 
13 13 13 
9 9 109 109 9 
9 0 9 9 
113 113 113 113 113 113 113 113 113 113 113 
109 113 109 113 109 109 113 109 113 109 109 
9 
end
Level35
222
113 113 113 113 113 113 113 113 113 113 113 
9 9 9 
9 9 9 
13 9 9 
13 9 13 
0 0 0 9 0 9 
13 9 13 
9 9 9 
9 9 9 
13 13 9 
113 113 113 113 113 113 113 113 113 113 113 
9 9 9 
13 9 9 
9 13 9 
109 109 9 9 9 
9 9 9 
13 13 9 
13 13 13 
9 9 9 
9 9 9 
109 109 109 109 109 109 109 109 109 109 109 
9 9 9 
13 13 13 
113 113 113 113 113 113 113 113 113 113 113 
9 9 9 
9 9 9 
end
Level36
230
13 13 9 
109 109 109 109 109 109 109 109 109 109 109 
13 13 13 
9 13 9 
109 109 109 109 109 109 109 109 109 109 109 
13 109 109 13 13 
113 113 113 113 113 113 113 113 113 113 113 
113 113 113 113 113 113 113 113 113 113 113 
9 9 9 
9 13 13 
13 13 13 
113 113 113 113 113 113 113 113 113 113 113 
13 13 9 
13 9 13 
109 109 109 109 109 109 9 
9 13 9 
113 113 113 113 113 113 113 113 113 113 113 
9 13 13 
13 13 13 
13 13 0 13 
13 
end
Level37
238
9 9 9 
9 13 13 
9 13 9 
9 9 9 
9 9 9 
9 9 9 
13 0 13 13 
13 13 9 
13 9 9 
109 109 109 109 0 109 109 109 109 0 0 
13 13 13 
13 13 13 
9 9 9 
9 9 9 
9 9 9 
13 9 9 
13 13 13 
9 9 9 
113 113 113 109 109 113 113 113 113 113 113 
113 113 109 113 113 113 113 113 113 109 113 
13 13 13 
109 109 109 109 109 109 109 109 109 109 109 
9 9 9 
9 13 13 
13 13 13 
13 13 13 
9 9 9 
13 13 9 
13 13 13 
13 13 13 
end
Level38
244
13 13 13 
13 13 13 
9 9 9 
9 9 9 
9 13 9 
13 13 13 
13 9 9 
13 13 0 13 
113 113 113 113 113 113 109 109 109 109 109 
13 13 13 
9 13 9 
109 113 109 113 109 109 109 113 113 109 109 
13 9 9 
13 109 13 109 13 
9 9 9 
13 9 13 
9 9 9 
13 13 13 
13 13 13 
9 9 13 
13 13 13 
13 13 13 
109 113 113 113 113 109 109 113 113 109 113 
13 9 9 
13 9 9 
109 13 13 13 
9 9 9 
9 13 13 
9 9 9 
13 13 13 
9 13 13 
113 109 
end
Level39
248
109 109 13 109 13 
9 9 9 
13 13 13 
9 9 9 
9 9 9 
13 13 13 
9 9 9 
13 9 9 
109 109 113 109 113 113 113 113 109 113 113 
13 13 13 
9 9 9 
109 109 109 9 109 9 
13 9 13 
113 113 113 113 113 113 113 113 113 113 113 
13 13 13 
9 9 9 
13 0 13 13 
9 9 9 
13 13 13 
13 13 9 
109 109 109 109 109 109 109 109 109 109 109 
109 113 109 109 109 113 113 109 113 113 109 
109 13 109 109 13 
113 113 109 109 109 109 109 109 109 109 113 
13 13 109 13 
0 9 
end
Level40
254
109 9 109 109 9 
13 13 13 
13 13 13 
9 13 9 
13 13 13 
13 13 13 
13 13 13 
113 113 113 113 113 113 113 113 113 113 113 
9 9 9 
109 109 0 109 109 0 109 0 109 109 109 
13 9 9 
9 9 9 
109 109 13 109 13 
113 113 109 113 113 113 109 109 113 109 113 
13 13 9 
9 9 9 
13 13 13 
13 13 13 
9 9 9 
109 109 109 109 109 109 109 109 109 109 109 
9 9 9 
109 13 13 109 13 
13 9 9 
0 13 13 109 109 
9 9 9 
9 13 13 
109 9 9 9 
13 13 13 
0 0 13 0 13 
109 109 13 13 
end
Level41
260
110 110 7 7 7 
110 110 107 107 110 107 110 107 110 107 110 
7 7 7 
107 107 110 107 107 107 107 107 110 110 107 
7 7 7 
7 7 10 
110 110 110 110 110 110 110 110 110 110 110 
10 10 10 
7 110 110 110 110 110 110 
7 7 7 
10 7 7 
110 10 10 10 
7 7 7 
10 10 10 
10 7 7 
10 10 10 
10 7 7 
7 7 7 
10 10 10 
7 10 10 
10 10 10 
10 7 7 
10 10 10 
10 10 10 
10 10 10 
10 10 10 
7 7 7 
7 10 7 
7 7 7 
7 7 7 
10 7 10 
7 7 7 
110 110 107 
end
Level42
266
7 7 7 
10 10 10 
10 10 10 
10 10 10 
7 7 7 
7 10 10 
7 7 7 
7 7 10 
107 107 107 107 107 107 107 107 107 107 107 
10 7 10 
7 7 7 
7 7 7 
7 7 7 
10 10 10 
0 7 10 10 
7 7 10 
10 10 10 
7 7 7 
7 10 10 
7 7 7 
110 110 110 0 0 107 110 110 110 110 110 
10 10 10 
110 107 107 110 110 107 110 107 110 107 107 
110 7 110 7 110 
10 10 10 
110 110 110 7 7 
10 10 10 
110 110 110 110 110 110 110 110 110 110 110 
10 10 7 
7 7 7 
7 10 7 
107 107 107 107 0 107 107 
end
Level43
272
10 10 10 
107 110 110 107 107 107 110 110 110 107 107 
7 10 7 
10 7 10 
7 7 7 
7 7 0 7 
7 7 7 
10 10 10 
7 7 7 
107 110 110 110 107 107 107 107 107 110 107 
10 7 10 
7 10 10 
10 7 7 
7 7 7 
10 7 7 
7 7 7 
10 10 10 
10 10 10 
110 110 110 110 110 107 110 107 110 107 107 
7 10 7 
7 7 7 
7 7 7 
7 7 7 
110 110 110 110 110 7 7 
110 110 110 110 110 110 110 110 110 110 110 
10 10 10 
110 0 107 107 0 107 110 110 107 110 110 
7 7 10 
0 107 0 110 107 110 110 107 110 110 110 
107 
end
Level44
280
7 110 110 110 110 110 110 
10 7 7 
7 10 10 
107 107 107 107 107 107 107 107 107 107 107 
110 107 107 107 107 110 107 107 107 110 110 
7 7 7 
7 7 7 
7 7 7 
107 107 107 107 0 0 107 107 107 107 107 
7 7 7 
10 10 10 
7 7 7 
110 107 0 0 107 107 107 107 107 110 0 
7 7 110 7 
10 10 7 
10 10 10 
10 10 10 
110 110 110 110 110 110 110 110 110 110 110 
7 10 7 
7 7 7 
7 7 7 
7 7 7 
10 10 10 
10 10 7 
10 10 10 
10 10 10 
7 7 7 
7 7 7 
10 10 10 
107 110 107 107 110 107 110 110 107 110 110 
10 10 
end
Level45
286
10 7 10 
0 7 0 7 7 
7 7 7 
107 110 107 110 110 107 110 107 107 110 110 
7 7 10 
10 7 7 
7 7 7 
110 10 110 10 110 
10 7 7 
7 10 10 
10 10 10 
0 107 0 0 0 110 110 107 110 0 107 
110 10 10 110 10 
7 7 7 
107 110 107 110 110 107 110 110 110 107 107 
7 7 7 
107 107 107 110 110 107 110 107 107 107 110 
7 7 7 
0 7 0 7 7 
110 110 7 7 110 
10 7 7 
7 10 7 
7 7 7 
10 10 10 
7 10 7 
7 7 7 
10 10 0 10 
110 7 7 7 
110 110 110 110 110 110 110 110 110 110 110 
10 10 10 
107 110 110 107 107 107 110 107 107 107 110 
end
Level46
292
7 10 7 
10 0 110 10 10 
110 110 10 10 10 
10 10 10 
7 7 7 
10 7 7 
7 7 7 
10 10 10 
7 7 10 
10 10 10 
7 7 7 
0 7 7 0 7 
7 7 7 
10 7 10 
110 110 110 107 107 110 107 107 107 110 110 
10 10 10 
7 10 7 
10 10 7 
110 110 110 110 110 110 110 110 110 110 110 
107 107 107 107 107 107 107 107 107 107 107 
10 10 10 
110 110 10 10 110 
7 7 7 
7 10 7 
110 110 110 107 107 107 110 110 107 110 107 
0 10 10 0 7 
7 7 7 
10 10 7 
7 7 10 
7 7 7 
10 10 0 0 0 
10 10 7 
10 7 10 
10 10 10 
7 7 110 7 
7 10 7 
7 
end
Level47
298
0 10 10 10 
10 10 7 
10 10 10 
10 10 10 
10 10 10 
7 110 110 110 7 
7 7 7 
107 107 107 107 107 107 107 107 107 107 107 
7 7 10 
10 10 7 
7 7 7 
107 107 107 107 107 107 107 107 107 107 107 
10 10 10 
10 10 10 
110 110 110 110 110 110 110 110 110 110 110 
10 10 10 
7 7 7 
7 7 7 
7 7 7 
110 110 10 110 10 
7 7 7 
7 7 7 
0 7 7 7 
10 10 10 
110 110 110 110 110 110 110 110 110 110 110 
7 7 7 
110 110 110 110 110 110 110 110 110 110 110 
110 107 107 110 110 107 107 107 107 110 107 
10 0 7 10 
10 10 10 
107 107 107 107 107 107 107 
end
Level48
306
110 107 110 107 110 107 107 110 107 107 110 
107 110 110 110 110 110 110 110 107 110 110 
10 10 10 
7 110 110 110 110 110 110 
0 10 10 10 
107 107 107 107 107 107 107 107 107 107 107 
7 7 10 
10 7 7 
110 110 110 107 110 110 110 107 110 107 110 
7 7 7 
10 7 7 
7 7 7 
10 7 7 
10 10 10 
10 10 10 
10 10 10 
10 10 10 
107 110 107 110 110 0 107 0 110 107 110 
10 10 10 
10 10 10 
10 7 7 
10 10 10 
10 7 7 
7 10 10 
10 10 10 
7 7 7 
7 7 7 
10 10 10 
7 7 7 
10 10 7 
107 107 107 110 110 107 107 110 107 110 110 
10 10 10 
7 7 7 
10 110 110 110 
end
Level49
312
110 110 107 110 110 107 110 107 110 110 110 
110 107 107 107 107 107 110 107 110 107 110 
10 110 10 10 
107 107 107 107 107 107 107 107 107 107 107 
10 10 7 
107 110 110 110 110 107 110 110 110 107 110 
10 10 10 
110 110 107 110 110 110 107 107 107 110 107 
7 7 7 
7 10 10 
7 7 7 
7 7 7 
10 10 10 
10 10 10 
7 7 7 
10 7 10 
10 7 10 
7 7 7 
10 10 10 
10 10 10 
10 7 10 
10 10 10 
10 10 10 
7 7 10 
10 7 10 
10 10 10 
7 7 10 
7 7 7 
110 110 110 110 10 110 110 
10 7 10 
10 10 7 
10 10 10 
7 10 7 
10 10 7 
7 7 7 
110 110 110 110 110 110 
end
Level50
318
10 7 7 
10 110 110 10 0 
7 7 7 
7 7 7 
10 10 10 
7 7 7 
10 10 10 
7 7 7 
10 10 10 
7 7 7 
10 10 10 
110 10 110 10 10 
7 7 7 
7 7 7 
10 10 10 
7 7 10 
7 7 7 
10 7 7 
7 7 7 
110 107 107 110 110 107 107 107 107 107 110 
7 7 7 
10 10 10 
7 10 7 
10 10 10 
10 10 10 
7 0 0 7 7 
7 7 7 
7 7 7 
10 10 10 
110 110 110 110 110 110 110 110 110 110 110 
10 10 7 
110 0 110 110 110 110 0 0 110 110 110 
7 7 7 
10 10 10 
10 7 7 
7 10 7 
10 7 7 
10 10 7 
10 10 10 
7 7 110 110 7 
10 10 10 
7 7 7 
110 110 0 110 0 0 110 110 110 0 110 
end
Level51
324
5 5 5 
105 105 102 105 105 105 102 102 105 102 105 
2 5 5 
102 102 102 102 102 102 102 102 102 102 102 
5 5 5 
2 2 5 
105 105 105 105 102 105 102 105 102 105 105 
5 5 5 
105 105 105 0 105 105 105 0 0 105 105 
2 2 2 
5 5 5 
5 5 5 
5 5 5 
105 105 105 102 105 102 102 102 102 105 105 
5 5 0 0 2 
2 2 2 
2 5 2 
2 2 2 
5 2 5 
2 5 5 
5 5 5 
5 5 5 
5 102 102 5 102 
2 5 2 
5 2 5 
102 102 0 102 105 0 105 102 102 0 102 
0 2 2 0 2 
5 5 5 
5 2 5 
5 5 5 
5 2 5 
2 2 2 
5 5 5 
102 102 102 102 102 102 102 102 102 102 102 
2 2 2 
2 2 2 
102 5 
end
Level52
330
2 0 0 2 2 
105 102 105 105 102 102 102 105 102 105 102 
5 2 5 
2 2 5 
5 5 5 
5 5 5 
5 5 5 
105 102 102 105 105 102 102 105 102 105 102 
5 102 102 102 5 
102 102 102 102 102 102 102 102 102 102 102 
5 102 5 5 
2 2 2 
2 2 2 
102 2 2 102 2 
2 5 2 
102 102 102 102 102 102 102 102 102 102 102 
2 5 5 
2 2 102 0 2 
2 5 2 
2 2 2 
2 2 2 
5 5 5 
5 2 2 
105 105 105 105 105 105 105 105 105 105 105 
5 5 5 
5 5 5 
2 2 2 
2 2 2 
102 102 102 102 102 102 102 102 102 102 102 
2 2 2 
5 5 5 
2 2 2 
102 102 102 102 102 102 102 102 102 102 102 
5 5 5 
5 
end
Level53
336
2 2 2 
2 2 2 
2 5 2 
5 5 5 
102 102 5 102 102 102 5 
2 2 5 
0 5 5 5 
2 2 2 
5 5 5 
2 0 2 2 
5 5 5 
105 105 102 105 105 102 105 105 102 102 102 
0 5 2 0 2 
2 5 2 
2 2 2 
2 5 5 
2 2 2 
5 5 5 
2 2 2 
5 5 5 
102 105 105 102 102 102 105 105 102 102 105 
2 2 2 
2 2 5 
102 102 102 102 102 102 102 102 102 102 102 
105 105 105 105 105 105 105 105 105 105 105 
2 2 5 
2 5 2 
2 2 2 
102 102 102 102 102 102 102 102 102 102 102 
5 5 5 
2 2 2 
2 5 5 
5 5 5 
102 102 102 102 102 102 102 102 102 102 102 
102 102 102 102 102 102 102 102 102 102 102 
2 2 2 
end
Level54
344
5 5 5 
2 2 2 
5 2 2 
102 102 102 102 102 102 102 102 102 102 102 
2 2 2 
2 2 2 
105 102 102 105 102 105 102 102 105 105 102 
5 5 5 
5 5 5 
2 2 5 
102 105 105 102 102 105 105 102 102 102 102 
5 5 5 
105 105 105 105 105 105 105 105 105 105 105 
2 2 2 
2 2 2 
5 5 2 
102 102 102 102 0 102 102 105 0 102 0 
2 5 5 
5 5 5 
2 2 102 2 
5 5 5 
105 105 105 102 0 0 102 0 102 0 102 
5 5 5 
5 5 5 
105 105 105 102 105 105 105 102 105 0 105 
2 5 5 
2 2 2 
105 105 105 105 105 105 105 105 105 105 105 
2 5 5 
2 2 2 
2 2 2 
102 102 102 105 105 105 105 102 102 105 102 
2 2 102 2 
5 5 5 
5 5 5 
2 
end
Level55
352
5 2 5 
102 5 5 5 
105 105 105 105 105 105 105 105 105 105 105 
2 5 2 
2 2 2 
2 2 2 
2 2 2 
5 5 5 
2 5 5 
2 2 2 
5 5 5 
105 105 105 105 105 105 105 105 105 105 105 
5 5 5 
0 102 0 102 102 0 102 105 102 105 105 
0 2 2 2 
2 2 2 
2 2 2 
2 5 2 
102 102 102 102 5 102 5 
2 2 2 
5 5 5 
2 2 5 
102 102 102 102 102 102 102 102 102 102 102 
2 2 0 2 
5 5 5 
2 2 2 
102 102 102 102 102 5 102 
105 105 105 105 105 105 105 105 105 105 105 
102 102 102 102 102 102 102 102 102 102 102 
2 2 2 
2 2 2 
105 102 102 105 105 105 105 102 102 102 105 
5 2 2 
2 2 2 
105 105 105 102 105 105 102 102 105 102 102 
102 
end
Level56
356
5 2 5 
102 102 5 5 5 
2 5 2 
2 2 2 
2 2 2 
105 105 105 105 105 105 105 105 105 105 105 
5 5 5 
5 5 5 
5 5 5 
102 102 102 0 102 0 0 102 105 105 105 
105 105 105 105 105 105 105 105 105 105 105 
5 5 2 
5 2 5 
2 2 2 
5 5 5 
2 2 2 
105 102 102 105 105 105 102 102 102 105 102 
5 5 5 
5 0 5 5 
2 2 2 
5 2 5 
5 5 5 
5 2 2 
2 0 0 2 2 
105 105 105 105 105 105 105 105 105 105 105 
2 2 2 
2 2 2 
2 2 2 
2 2 0 2 
2 2 5 
5 5 102 5 
2 2 2 
105 105 105 105 105 105 105 105 105 105 105 
5 5 5 
102 102 102 102 2 102 2 
5 5 2 
2 2 2 
0 102 102 102 102 102 0 105 105 105 0 
2 2 2 
2 2 2 
5 
end
Level57
364
2 2 5 
5 5 2 
2 2 2 
5 5 5 
2 5 5 
102 102 105 102 102 102 105 102 102 102 105 
5 5 5 
102 102 102 102 102 102 102 102 102 102 102 
5 5 2 
2 2 2 
0 2 5 5 
5 5 5 
2 2 2 
5 5 5 
102 105 102 105 105 105 105 102 102 102 102 
2 2 2 
2 2 5 
2 2 5 
5 5 2 
2 2 2 
2 102 102 102 2 
0 0 2 2 2 
5 5 5 
5 5 5 
2 2 2 
2 2 2 
2 2 2 
5 5 5 
5 2 2 
5 5 2 
102 105 102 102 102 102 105 105 102 105 105 
5 5 5 
2 2 5 
5 5 5 
5 2 2 
5 5 5 
2 102 2 2 
2 2 2 
5 5 5 
5 5 5 
5 5 5 
102 102 102 102 102 102 102 102 102 102 102 
2 2 2 
5 2 2 
5 2 5 
5 5 5 
2 
end
Level58
370
2 2 2 
102 102 102 102 102 102 102 102 102 102 102 
2 2 2 
102 102 102 102 102 102 102 102 102 102 102 
2 2 2 
105 102 105 102 105 105 105 105 102 102 105 
2 2 2 
5 5 5 
2 2 2 
2 2 2 
5 2 2 
5 2 5 
2 2 2 
5 102 102 5 5 
5 5 5 
2 2 2 
2 2 2 
5 5 5 
105 105 105 105 105 105 105 105 105 105 105 
2 2 2 
2 2 2 
5 5 5 
102 2 102 2 102 
0 5 5 5 
102 102 102 102 102 102 102 102 102 102 102 
2 2 2 
105 105 105 105 105 105 105 105 105 105 105 
2 2 5 
105 105 105 105 105 105 105 105 105 105 105 
5 2 2 
2 2 2 
5 5 5 
102 102 5 102 5 
2 102 2 2 
5 5 2 
2 2 2 
102 102 102 102 102 102 102 102 102 102 102 
105 105 105 
end
Level59
376
5 5 5 
5 5 5 
5 2 5 
2 2 2 
5 5 5 
2 2 2 
5 5 102 5 
5 5 5 
5 2 2 
102 102 105 102 105 102 102 102 102 102 105 
102 102 5 102 5 
2 2 2 
5 5 5 
2 2 2 
102 0 105 102 105 102 102 102 0 102 0 
102 2 102 2 2 
5 5 5 
2 2 2 
0 102 105 105 0 102 102 0 105 0 0 
5 2 2 
5 5 5 
5 5 2 
102 102 2 0 102 0 2 
5 5 5 
5 5 5 
5 2 0 0 2 
2 2 5 
2 2 2 
102 105 102 105 105 102 105 105 105 102 102 
5 5 5 
2 5 2 
5 5 5 
5 5 5 
2 2 2 
2 5 2 
2 2 2 
2 2 2 
105 102 105 105 105 102 102 102 102 102 105 
102 102 102 102 102 102 102 102 102 102 102 
102 5 5 5 
5 5 5 
0 2 2 5 
102 2 102 2 2 
102 105 102 105 102 105 105 105 105 
end
Level60
382
2 5 5 
2 5 2 
5 5 5 
5 2 2 
2 2 2 
102 102 102 2 102 2 
2 2 5 
5 5 5 
5 5 5 
2 2 2 
2 2 2 
5 2 5 
2 2 2 
2 2 2 
105 105 105 105 105 105 105 105 105 105 105 
5 5 5 
2 2 2 
2 2 5 
2 0 5 2 
5 5 5 
2 102 2 102 2 
5 5 5 
2 2 2 
102 105 105 0 102 102 0 105 0 102 0 
105 102 102 105 105 105 102 105 102 102 102 
2 2 5 
5 5 5 
2 5 2 
2 2 2 
105 105 105 105 105 105 105 105 105 105 105 
5 5 2 
105 105 105 105 105 105 105 105 105 105 105 
5 5 2 
2 2 2 
5 5 2 
2 2 2 
2 2 5 
5 5 5 
2 5 5 
2 2 2 
2 2 2 
102 102 102 102 102 102 102 102 102 102 102 
2 0 2 2 
2 5 2 
0 0 102 105 102 102 105 102 105 102 102 
2 
end
Level61
386
6 2 2 
102 106 106 106 102 106 102 106 106 102 106 
2 2 2 
102 2 102 102 2 
2 6 6 
2 2 6 
2 2 2 
102 0 0 102 102 102 102 102 102 0 102 
2 2 6 
106 106 106 106 106 106 106 106 106 106 106 
106 106 106 106 106 106 106 106 106 106 106 
6 6 6 
6 2 6 
2 2 2 
2 2 2 
6 6 6 
2 6 2 
6 6 6 
102 106 106 102 106 102 106 102 106 102 102 
106 106 106 106 106 106 106 106 106 106 106 
6 6 2 
106 106 102 102 106 0 102 102 106 106 102 
0 0 0 6 0 6 6 
6 2 6 
6 6 6 
102 102 102 102 102 102 102 102 102 102 102 
102 102 102 102 106 106 102 102 102 106 102 
2 6 2 
6 6 6 
2 6 2 
2 2 2 
102 106 106 0 0 102 102 106 106 0 102 
2 102 2 102 2 
0 0 0 2 2 2 
6 6 2 
0 2 0 2 2 
106 102 102 102 102 106 106 106 
end
Level62
394
2 2 2 
2 6 6 
6 6 2 
2 2 2 
6 2 6 
2 2 2 
2 2 2 
2 6 2 
6 6 6 
0 2 2 6 
6 6 6 
6 6 0 6 
102 2 2 2 
6 6 6 
102 102 102 102 102 102 102 102 102 102 102 
106 102 106 102 102 106 106 102 102 106 106 
106 106 106 106 106 106 106 106 106 106 106 
6 6 6 
2 2 2 
6 6 2 
6 6 6 
6 2 6 
106 106 106 106 102 102 106 102 106 102 106 
2 6 2 
2 2 2 
2 2 2 
6 6 6 
2 2 2 
2 6 2 
6 6 6 
6 6 2 
6 6 6 
6 0 6 0 0 
2 2 2 
102 6 6 6 
2 2 2 
2 2 2 
102 6 6 102 102 
102 102 106 102 106 106 102 106 102 106 102 
6 6 6 
2 2 2 
6 6 2 
2 2 2 
2 2 2 
6 6 6 
106 106 102 106 102 102 102 106 102 102 106 
2 102 102 2 102 
6 2 6 
end
Level63
402
2 2 2 
102 0 0 106 0 106 102 0 106 0 102 
6 6 102 6 
102 6 6 6 
6 6 6 
2 2 0 2 
6 6 6 
6 6 6 
6 6 6 
6 6 6 
102 102 102 102 102 102 102 102 102 102 102 
2 2 6 
2 2 2 
106 106 106 106 106 106 106 106 106 106 106 
2 2 6 
102 6 102 6 6 
2 6 6 
2 2 2 
6 6 6 
6 6 6 
6 6 6 
2 6 6 
2 2 2 
102 6 6 6 
6 6 6 
102 102 2 102 2 
2 2 2 
6 6 6 
6 6 6 
2 6 6 
6 6 6 
2 2 2 
2 2 6 
2 2 6 
2 6 6 
2 6 2 
6 6 6 
2 2 2 
106 106 106 106 0 0 106 0 106 106 106 
106 102 102 0 102 0 102 106 0 0 0 
6 6 6 
2 2 102 2 
106 106 106 106 106 106 106 106 106 106 106 
102 6 102 102 6 
2 2 2 
2 2 2 
6 6 2 
106 106 106 106 106 106 106 106 106 106 106 
6 2 6 
0 0 2 
end
Level64
406
102 106 106 106 102 106 102 102 102 106 106 
2 2 2 
6 0 6 6 
106 0 106 106 0 106 102 102 106 102 102 
6 6 6 
2 2 2 
106 102 102 106 106 106 102 102 106 106 106 
2 2 2 
102 106 106 102 106 106 106 102 106 106 106 
6 2 2 
6 2 6 
106 106 106 102 106 102 102 106 102 106 102 
2 6 6 
2 2 2 
6 6 6 
6 2 6 
2 6 2 
6 6 2 
6 6 6 
6 2 6 
2 2 2 
2 0 2 0 2 
2 6 6 
2 2 2 
6 2 6 
2 6 2 
2 2 2 
6 6 0 0 0 
6 6 6 
106 106 106 106 106 106 106 106 106 106 106 
6 6 6 
2 2 6 
2 2 2 
2 6 6 
106 106 106 106 106 106 106 106 106 106 106 
6 2 2 
106 102 106 102 102 102 102 102 102 102 102 
2 2 2 
6 2 2 
106 106 106 102 106 102 102 106 106 106 102 
2 6 6 
6 6 6 
106 0 106 0 106 0 106 106 106 106 0 
2 
end
Level65
414
6 2 6 
106 106 106 106 106 106 106 106 106 106 106 
2 2 2 
106 106 102 102 102 102 102 106 102 106 106 
6 2 2 
6 6 6 
2 2 2 
2 2 2 
6 102 6 6 
2 2 6 
2 2 6 
6 6 2 
6 6 6 
2 2 2 
102 102 102 102 102 102 102 102 102 102 102 
106 102 102 106 106 102 106 106 102 102 102 
2 6 2 
6 6 6 
2 2 2 
2 6 6 
6 2 6 
6 6 2 
6 0 6 6 
6 6 6 
2 6 6 
6 6 6 
2 6 2 
2 0 0 0 2 
6 6 6 
2 2 2 
2 6 2 
2 2 2 
6 6 6 
2 6 2 
0 2 2 102 2 
2 2 2 
102 102 106 102 106 106 106 102 102 106 106 
2 2 6 
6 2 2 
6 6 6 
6 102 6 102 6 
6 2 6 
102 2 2 2 
2 2 2 
6 6 2 
0 6 2 2 
6 6 6 
2 2 6 
2 2 2 
2 2 2 
106 106 106 106 106 106 106 106 106 106 106 
0 0 0 102 102 
end
Level66
420
2 2 2 
2 102 2 2 
6 6 6 
2 2 2 
2 2 2 
2 6 6 
2 2 6 
2 2 2 
2 2 6 
6 6 6 
2 2 2 
2 2 2 
6 2 6 
2 0 2 2 
2 2 2 
102 6 6 6 
6 6 6 
6 102 6 6 
6 6 6 
2 2 6 
2 2 2 
106 106 106 106 106 106 106 106 106 106 106 
2 2 2 
102 6 102 6 102 
2 2 2 
2 6 6 
2 2 2 
6 6 6 
102 102 102 102 102 102 102 102 102 102 102 
2 0 2 2 
2 102 2 2 
2 2 2 
2 2 2 
2 2 2 
102 6 6 102 102 
6 6 6 
6 6 6 
2 102 2 2 
6 102 102 102 102 6 
6 6 6 
2 6 6 
102 106 106 106 102 106 106 106 106 106 106 
6 6 6 
6 6 2 
102 102 102 102 102 102 102 102 102 102 102 
2 2 2 
2 6 2 
2 2 2 
2 2 2 
102 6 102 6 102 
2 6 2 
106 102 102 102 106 106 102 102 102 106 106 
end
Level67
426
2 0 102 2 102 
0 0 0 102 102 102 102 0 102 102 102 
102 106 106 106 106 106 102 102 102 102 102 
102 102 102 102 102 102 102 102 102 102 102 
6 6 6 
6 6 0 6 
2 2 2 
106 106 106 106 106 106 106 106 106 106 106 
6 0 6 6 
2 0 2 0 2 
6 6 6 
6 6 6 
2 102 2 102 102 
6 6 6 
6 6 6 
2 6 6 
2 6 6 
6 6 6 
102 102 102 6 6 
106 102 102 106 106 102 106 102 106 106 106 
106 106 102 106 102 102 106 102 102 106 102 
102 2 2 2 
6 6 6 
6 6 6 
6 2 6 
6 6 6 
2 2 2 
6 6 6 
2 2 2 
106 106 106 106 106 106 0 106 0 0 0 
106 106 0 0 0 106 106 0 106 106 106 
102 102 102 106 106 106 106 0 106 0 0 
102 102 102 102 102 102 102 102 102 102 102 
6 2 2 
2 2 6 
6 6 6 
6 6 6 
6 2 2 
6 6 6 
106 106 106 106 106 106 106 106 106 106 106 
6 6 6 
2 6 2 
102 0 0 102 0 6 6 
6 2 2 
102 
end
Level68
434
102 2 2 2 
6 102 6 6 
2 6 6 
2 102 2 2 
0 106 106 106 106 0 106 106 106 106 106 
2 2 2 
102 0 102 102 102 102 102 102 102 102 102 
102 102 102 102 102 102 102 102 102 102 102 
6 2 6 
6 102 6 6 
2 2 2 
2 2 2 
2 2 2 
6 6 6 
6 6 6 
2 6 2 
6 6 6 
2 2 2 
6 6 6 
2 2 2 
102 102 2 2 102 
6 2 2 
2 2 6 
106 106 106 106 106 106 106 106 106 106 106 
6 2 2 
6 2 6 
102 102 0 102 102 102 0 102 102 0 102 
106 102 102 106 102 106 102 106 106 102 106 
6 6 6 
2 6 2 
0 0 0 6 6 
0 102 106 102 106 102 106 102 102 102 102 
2 2 2 
102 106 102 102 0 102 106 102 0 0 0 
6 6 6 
2 6 6 
106 106 106 106 106 106 106 106 106 106 106 
6 6 6 
2 2 2 
2 102 2 102 102 
102 102 0 102 0 102 102 102 0 102 0 
6 6 6 
6 6 6 
6 6 6 
6 6 2 
102 106 102 106 106 102 106 102 106 102 
end
Level69
440
106 106 106 106 106 106 106 106 106 106 106 
6 6 6 
102 102 102 106 106 106 106 102 106 102 102 
6 2 6 
6 6 6 
6 6 6 
6 2 6 
102 102 106 102 106 106 106 106 102 106 102 
6 6 6 
6 0 0 6 6 
2 2 2 
6 2 6 
6 6 6 
6 6 2 
102 106 102 102 106 106 102 102 106 102 102 
6 6 6 
6 6 6 
106 106 106 106 106 106 106 106 106 106 106 
6 6 6 
2 2 2 
102 102 2 2 2 
2 2 2 
106 102 106 106 106 106 106 106 106 106 102 
2 2 2 
6 6 6 
2 2 2 
102 102 102 102 102 2 102 
6 2 2 
2 2 2 
0 0 106 0 0 106 0 0 106 106 106 
106 106 106 106 102 102 102 102 102 102 106 
2 2 6 
6 6 0 6 
2 2 2 
2 2 0 2 
106 106 106 106 106 106 106 106 106 106 106 
6 6 6 
6 6 2 
6 6 6 
102 102 102 102 102 102 102 102 102 102 102 
6 6 6 
102 102 2 102 2 
102 102 102 102 102 102 102 102 102 102 102 
6 
end
Level70
444
106 106 106 106 106 106 106 106 106 106 106 
6 2 6 
2 2 2 
6 6 6 
102 106 106 102 102 106 102 106 106 106 102 
6 6 6 
2 2 2 
6 6 6 
106 106 106 106 106 106 106 106 106 106 106 
106 106 0 106 0 106 106 0 106 0 106 
2 0 2 2 
6 6 6 
0 2 2 2 
2 2 2 
2 2 6 
102 106 102 102 102 102 106 106 106 106 106 
2 2 2 
106 0 106 106 106 106 106 0 106 0 106 
6 6 6 
102 2 102 102 102 2 
6 0 0 6 6 
106 106 106 106 106 106 106 106 106 106 106 
2 0 0 2 6 
6 6 2 
102 102 102 102 102 102 102 102 102 102 102 
2 2 2 
6 6 6 
6 2 2 
102 102 102 102 102 102 102 102 102 102 102 
102 106 106 102 102 106 106 106 106 102 102 
106 106 106 106 106 106 106 106 106 106 106 
106 102 106 106 102 106 102 106 102 102 102 
6 6 2 
2 2 2 
6 2 2 
6 6 6 
6 6 6 
106 102 102 102 102 102 106 106 106 102 106 
6 2 6 
2 2 2 
6 6 
end
Level71
450
108 108 108 108 108 108 108 108 108 108 108 
14 0 14 14 
108 108 108 108 108 108 108 108 108 108 108 
8 8 8 
14 8 14 
14 8 8 
0 14 14 0 14 
14 14 14 
0 0 8 8 0 
108 108 108 108 108 108 108 108 108 108 108 
0 14 14 0 114 
14 8 8 
108 108 108 108 108 108 108 108 108 108 108 
14 0 14 14 
108 108 108 114 108 108 108 108 108 108 108 
14 14 14 
8 8 14 
114 114 114 114 114 114 114 114 114 114 114 
14 14 14 
14 14 14 
108 108 108 108 108 114 114 114 114 108 114 
114 114 114 114 114 114 114 114 114 114 114 
108 108 114 108 108 114 108 114 114 114 114 
14 8 8 
0 14 14 14 
14 14 14 
8 8 8 
8 8 8 
114 8 114 8 8 
0 8 8 8 
14 14 14 
14 8 14 
8 8 8 
8 14 14 
14 8 8 
14 14 14 
14 8 14 
14 14 14 
14 14 8 
8 14 8 
8 8 8 
8 14 8 
14 14 14 
108 108 108 108 108 108 108 108 108 108 108 
14 14 14 
14 14 14 
8 8 8 
14 14 14 
end
Level72
454
114 114 114 108 108 108 114 108 114 114 114 
8 14 14 
114 8 114 114 8 
8 8 8 
8 8 14 
8 8 8 
14 14 14 
0 0 14 0 14 
8 8 8 
14 14 14 
14 14 14 
114 114 114 114 114 114 114 114 114 114 114 
8 8 8 
14 14 8 
8 8 8 
8 8 8 
8 14 8 
108 108 108 108 108 108 108 108 108 108 108 
8 8 8 
114 114 108 114 108 114 114 114 108 108 108 
0 108 108 0 108 108 0 108 108 108 108 
108 114 108 108 108 108 108 114 108 114 114 
0 0 108 0 108 0 0 108 108 108 108 
8 8 8 
114 114 14 114 14 
8 14 8 
108 108 108 108 108 108 108 108 108 108 108 
114 0 114 0 114 114 114 114 0 114 114 
14 14 14 
14 8 8 
14 8 8 
14 14 14 
14 14 0 14 
14 14 14 
108 108 108 108 108 108 108 108 108 108 108 
14 14 14 
8 8 8 
8 14 8 
14 114 14 0 14 
8 8 8 
114 108 114 114 114 114 108 108 108 108 108 
114 108 108 114 108 114 114 114 114 108 108 
8 8 8 
14 14 14 
8 8 8 
8 8 8 
end
Level73
458
8 8 8 
8 8 8 
8 8 8 
0 14 114 14 0 
14 8 14 
8 114 114 8 8 
8 8 8 
8 8 8 
14 14 14 
8 8 8 
8 8 8 
8 8 8 
8 8 8 
8 8 8 
8 14 14 
8 8 8 
14 14 8 
14 14 14 
8 8 14 
8 114 114 114 8 
8 8 8 
8 8 8 
8 8 8 
14 14 14 
14 14 14 
14 14 14 
0 14 114 14 0 
114 114 114 114 114 114 114 114 114 114 114 
108 108 114 108 114 114 108 114 114 108 108 
8 8 8 
14 14 14 
8 8 8 
114 114 108 114 108 108 108 114 108 114 114 
114 8 8 8 
14 14 14 
108 108 108 108 108 108 108 108 108 108 108 
114 114 114 114 114 114 108 108 114 114 108 
8 8 8 
8 8 8 
108 0 108 108 108 108 108 0 0 108 108 
14 14 14 
8 8 8 
14 14 8 
14 14 8 
14 0 0 0 0 14 
114 114 0 114 114 114 114 0 0 114 0 
14 8 8 
14 8 8 
14 14 14 
114 114 114 114 114 114 14 
0 8 8 8 
108 108 108 108 108 108 108 108 108 108 108 
8 8 8 
14 14 14 
14 14 
end
Level74
464
8 8 8 
8 8 8 
8 8 14 
108 108 108 108 108 108 108 108 108 108 108 
14 14 14 
14 14 14 
8 8 14 
8 8 8 
114 114 114 114 114 114 114 114 114 114 114 
0 14 114 14 0 
8 8 8 
8 8 8 
14 14 14 
108 108 114 114 114 108 114 114 114 114 114 
8 8 8 
14 14 14 
114 114 114 114 114 114 114 114 114 114 114 
14 14 14 
8 8 8 
14 14 14 
8 8 8 
14 14 14 
8 8 8 
114 114 114 114 114 114 114 114 114 114 114 
14 14 8 
114 14 14 114 114 
8 14 14 
114 114 114 114 114 114 114 114 114 114 114 
14 14 14 
14 14 14 
108 108 108 114 108 108 114 114 108 108 114 
8 8 8 
14 14 14 
14 14 0 14 
8 8 8 
114 114 0 108 114 108 0 114 114 108 114 
108 114 114 114 108 114 114 108 114 108 114 
108 108 108 108 108 108 108 108 108 108 108 
0 108 0 108 108 108 108 108 108 108 108 
8 8 8 
0 8 0 14 0 0 14 
14 14 8 
8 8 14 
108 114 108 108 108 114 108 114 114 114 114 
8 8 8 
8 8 8 
end
Level75
470
114 114 114 8 114 114 114 
108 108 108 108 108 108 108 108 108 108 108 
14 14 14 
8 8 8 
0 108 0 108 108 108 108 108 108 108 0 
14 14 14 
14 14 14 
8 8 0 8 
108 108 108 108 108 108 108 108 108 108 108 
8 8 8 
108 108 108 108 108 108 108 108 108 108 108 
8 8 8 
108 114 108 108 114 108 108 114 108 108 108 
8 8 8 
108 108 108 108 108 108 108 108 108 108 108 
114 114 114 114 114 114 114 114 114 114 114 
14 8 14 
8 0 8 8 
14 14 14 
8 8 8 
8 8 114 114 8 
14 8 14 
8 14 14 
8 8 8 
8 8 8 
14 8 8 
114 0 0 114 114 114 114 114 0 114 114 
14 14 14 
14 14 14 
14 14 14 
14 14 14 
8 8 8 
114 114 8 114 114 114 114 
108 114 108 108 108 114 108 108 114 114 108 
8 8 8 
14 8 14 
8 8 14 
114 114 114 114 114 114 114 114 114 114 114 
114 108 114 0 108 114 114 108 0 114 108 
114 114 8 114 114 8 
14 14 14 
108 108 108 108 108 108 108 108 108 108 108 
14 14 14 
14 8 14 
108 114 
end
Level76
478
8 8 14 
114 114 114 114 114 114 114 114 114 114 114 
14 14 14 
114 0 114 8 8 
8 8 8 
14 8 14 
114 108 114 114 114 114 114 114 114 108 114 
108 108 108 108 108 108 108 108 108 108 108 
14 8 8 
8 8 114 114 8 
14 0 14 8 
8 14 14 
14 8 8 
114 114 114 114 114 114 114 114 114 114 114 
114 108 114 108 108 114 114 114 108 114 114 
8 8 14 
114 108 108 108 114 108 108 108 114 114 108 
8 8 8 
8 8 8 
14 14 14 
114 114 114 114 114 0 114 108 108 0 0 
14 8 14 
14 8 8 
114 0 0 114 114 114 114 114 114 114 114 
14 14 14 
14 8 14 
14 8 8 
8 8 14 
14 14 14 
14 14 14 
8 8 0 8 
108 108 108 108 108 108 108 108 108 108 108 
8 8 8 
14 8 14 
8 8 8 
8 8 14 
14 14 14 
14 8 14 
0 14 14 14 
0 14 0 8 14 
14 14 14 
8 8 8 
14 14 14 
114 114 14 114 114 14 
8 8 0 8 
8 8 8 
14 14 14 
8 8 8 
8 14 14 
114 114 114 114 8 8 
8 8 8 
8 8 8 
114 114 114 114 114 114 114 
end
Level77
484
8 14 14 
14 14 14 
8 14 14 
8 8 8 
108 108 108 114 0 108 108 108 114 108 0 
14 14 14 
8 8 8 
8 8 8 
8 8 8 
14 14 14 
8 14 14 
108 108 108 114 114 108 108 108 114 108 108 
14 0 14 0 14 
8 14 14 
8 14 14 
14 14 14 
114 108 114 114 108 114 108 108 108 108 108 
14 0 14 114 14 
114 114 114 108 114 108 108 114 108 114 114 
8 8 8 
8 8 14 
8 8 8 
8 8 8 
14 14 14 
8 8 8 
8 8 8 
108 108 108 108 108 108 108 108 108 108 108 
8 8 8 
14 14 14 
0 114 8 0 8 
8 14 14 
14 14 14 
114 114 114 114 8 114 8 
8 14 8 
14 14 14 
8 14 8 
8 8 8 
114 114 114 114 114 114 114 114 114 114 114 
8 14 8 
8 8 8 
14 14 8 
114 114 14 114 14 
8 8 8 
114 114 14 114 14 
14 14 14 
8 8 8 
14 14 8 
14 14 8 
14 14 14 
14 14 14 
114 108 114 114 108 108 114 108 114 114 114 
14 14 8 
108 108 108 108 108 108 108 108 108 108 108 
114 114 114 114 114 114 114 114 114 114 114 
114 
end
Level78
492
8 8 8 
8 8 8 
8 8 8 
8 8 8 
14 14 14 
108 108 108 108 108 108 108 108 108 108 108 
14 114 14 14 
114 114 114 114 114 114 114 114 114 114 114 
14 14 14 
114 114 114 114 114 114 114 114 114 114 114 
108 108 108 114 108 108 114 114 114 108 114 
14 14 14 
14 14 14 
14 14 8 
8 8 8 
14 14 8 
114 114 114 114 114 114 114 114 114 114 114 
14 8 14 
114 114 114 108 114 114 108 114 114 108 108 
8 8 8 
114 114 114 114 114 114 114 114 114 114 114 
108 108 108 114 114 108 114 108 108 108 108 
14 14 14 
108 108 108 108 108 108 108 108 108 108 108 
114 114 114 114 114 114 114 114 114 114 114 
114 114 114 108 108 114 108 108 114 114 114 
14 14 14 
14 8 8 
14 14 14 
8 8 8 
14 14 14 
14 14 14 
8 8 8 
114 108 108 108 114 114 114 114 114 114 114 
8 8 8 
8 8 14 
8 8 8 
8 14 8 
8 14 14 
14 0 14 0 14 
8 14 14 
14 14 14 
14 14 14 
0 0 8 0 8 
14 14 14 
8 8 8 
8 8 14 
108 114 114 108 108 108 114 108 114 
end
Level79
496
8 14 8 
0 14 14 14 
8 14 14 
14 14 14 
8 8 8 
8 8 8 
114 114 114 114 114 114 114 114 114 114 114 
114 114 114 114 114 114 114 114 14 
8 8 8 
14 14 8 
14 14 14 
114 114 114 114 114 114 114 114 114 114 114 
14 14 14 
108 0 114 0 108 114 114 114 0 108 114 
8 8 8 
8 8 8 
8 8 8 
114 114 114 114 114 114 114 114 114 114 114 
8 14 14 
8 8 8 
108 114 114 108 114 108 108 114 114 114 108 
8 14 8 
8 8 8 
108 108 114 108 108 114 108 114 114 108 114 
114 14 14 114 114 
114 114 114 114 114 114 114 114 114 114 114 
14 14 14 
8 8 8 
108 108 108 108 108 108 108 108 108 108 108 
114 108 114 108 108 108 108 108 114 108 114 
8 8 8 
14 14 14 
8 8 8 
14 14 14 
14 8 8 
8 8 8 
14 14 14 
8 8 8 
14 14 14 
8 8 8 
14 14 114 114 14 
14 14 114 114 114 
8 8 14 
8 14 14 
108 108 114 108 114 114 108 114 108 114 114 
8 14 8 
8 14 14 
14 14 8 
108 114 114 108 108 114 108 114 114 108 114 
14 14 14 
8 
end
Level80
500
0 114 114 108 108 0 114 114 114 0 114 
108 0 108 114 0 114 114 114 108 114 0 
114 8 8 114 8 
14 8 14 
14 14 14 
8 8 8 
14 14 14 
114 108 114 114 114 114 108 114 114 114 108 
8 8 8 
14 8 8 
8 8 14 
0 8 8 0 8 
14 14 14 
14 14 8 
8 8 8 
14 14 8 
8 8 14 
8 14 14 
8 8 8 
8 8 8 
14 14 14 
14 14 14 
8 8 8 
114 114 114 108 108 114 108 108 114 108 114 
8 8 0 8 
8 8 8 
8 8 14 
14 14 14 
108 108 108 108 108 108 108 108 108 108 108 
114 114 0 114 114 114 0 114 114 114 114 
8 114 8 8 
108 108 108 108 108 108 108 108 108 108 108 
14 14 14 
14 14 14 
14 8 8 
14 14 0 14 
114 114 114 8 8 
14 14 8 
14 14 14 
8 8 8 
8 8 8 
14 14 14 
114 0 108 114 0 114 108 114 108 0 114 
8 8 8 
8 8 8 
114 114 108 108 108 108 108 114 108 108 114 
14 14 14 
8 8 8 
108 108 108 108 108 108 108 108 108 108 108 
8 14 8 
8 8 14 
8 8 8 
14 14 14 
8 8 8 
114 114 114 108 114 108 114 114 108 108 108 
8 8 8 
end
Level81
506
104 104 104 104 104 104 104 104 104 104 104 
9 9 9 
4 9 9 
4 4 4 
109 0 0 109 0 109 109 109 109 109 0 
9 9 9 
9 104 104 104 9 
9 4 4 
9 4 9 
109 109 109 109 109 109 109 109 109 109 109 
9 9 9 
4 0 4 4 
104 109 104 109 104 104 104 109 104 104 104 
4 4 4 
4 4 9 
4 4 4 
4 9 4 
4 4 4 
4 4 4 
9 9 104 0 9 
9 9 9 
4 4 9 
9 9 9 
9 4 9 
4 4 4 
9 9 9 
9 9 9 
4 9 9 
4 4 4 
9 9 9 
4 104 4 4 
4 4 4 
104 104 4 4 104 
109 109 109 109 109 109 109 109 109 109 109 
4 4 104 4 
4 4 4 
9 4 9 
4 4 4 
109 109 109 109 109 109 109 109 109 109 109 
4 4 4 
109 0 109 109 109 0 0 109 109 0 109 
9 9 9 
109 109 109 109 109 109 109 109 109 109 109 
104 104 0 104 0 0 0 104 104 109 109 
0 4 4 4 
9 9 4 
9 4 4 
104 4 104 104 4 
104 104 104 104 104 104 104 104 104 104 104 
4 4 4 
4 4 4 
4 4 4 
4 4 4 
4 4 4 
4 4 4 
104 104 104 104 104 104 104 104 104 104 104 
end
Level82
512
4 4 4 
9 9 9 
104 104 104 104 104 104 104 104 104 104 104 
0 9 9 9 
4 0 0 4 0 
9 9 9 
4 4 4 
9 9 4 
109 109 109 104 104 104 109 104 104 104 109 
4 4 4 
9 9 9 
109 109 109 109 109 109 109 109 109 109 109 
4 4 4 
4 4 9 
4 4 4 
4 4 4 
4 4 9 
9 9 9 
4 4 4 
9 9 0 0 4 
109 109 109 109 109 109 109 109 109 109 109 
4 4 4 
9 9 9 
109 104 104 104 104 109 109 104 104 109 104 
9 9 9 
104 104 104 104 104 104 104 104 104 104 104 
9 4 4 
4 4 4 
109 109 109 109 109 109 109 109 109 109 109 
4 9 9 
9 9 9 
4 4 4 
4 4 9 
104 9 104 104 9 
104 109 109 109 109 104 104 104 109 104 104 
109 104 109 104 109 109 109 104 109 104 109 
9 9 9 
104 104 4 104 4 
4 4 4 
109 109 104 104 104 109 109 104 109 109 104 
4 4 4 
4 4 4 
9 4 9 
4 9 4 
4 4 4 
9 9 4 
9 9 9 
9 9 9 
4 4 4 
104 104 104 104 104 104 0 0 104 104 104 
4 4 4 
9 9 9 
4 4 4 
109 109 109 109 109 109 109 109 
end
Level83
520
4 4 9 
4 9 9 
4 4 4 
104 104 109 109 109 109 104 104 104 109 109 
9 9 9 
9 4 9 
9 9 9 
9 9 9 
9 9 9 
9 9 9 
4 4 9 
4 4 0 0 4 
4 9 4 
104 104 9 9 9 
4 9 9 
4 4 9 
4 9 9 
9 9 9 
9 4 9 
0 104 104 104 109 104 104 0 104 104 104 
9 4 4 
9 9 9 
4 4 4 
4 4 4 
9 9 9 
9 9 9 
109 109 109 109 109 109 109 109 109 109 109 
0 0 4 0 4 
9 9 9 
104 4 104 104 104 4 
9 9 4 
4 4 4 
9 9 9 
4 9 4 
4 4 4 
9 9 9 
4 4 4 
4 4 4 
9 9 9 
4 4 4 
9 9 9 
4 4 4 
4 4 4 
0 4 4 4 
104 104 104 104 104 104 104 0 104 0 104 
9 9 9 
4 4 4 
4 9 9 
9 9 9 
104 9 9 9 
4 4 4 
9 9 9 
4 4 4 
104 104 104 109 109 109 109 109 104 104 109 
9 104 9 104 9 
9 9 9 
104 104 104 104 104 104 104 104 104 104 104 
4 4 4 
9 9 9 
0 109 109 109 109 109 0 109 109 109 109 
9 9 9 
4 4 4 
4 4 4 
4 4 4 
9 4 9 
109 109 109 109 109 109 109 109 
end
Level84
528
4 4 9 
4 4 9 
9 9 9 
9 9 4 
104 104 104 104 104 104 104 104 104 104 104 
4 4 4 
9 9 4 
0 4 0 4 4 
9 9 9 
9 9 4 
104 104 104 104 104 104 104 104 104 104 104 
9 9 4 
4 9 4 
9 4 4 
9 9 104 9 
4 9 4 
4 4 4 
9 9 9 
4 104 104 4 4 
9 9 9 
0 109 0 109 109 109 109 0 109 0 109 
4 4 4 
109 109 109 109 109 109 109 109 109 109 109 
9 9 9 
4 9 4 
9 9 9 
0 104 104 109 0 104 104 0 0 0 109 
9 9 9 
4 0 4 4 
9 9 9 
4 9 9 
4 9 4 
9 9 9 
9 9 9 
4 4 4 
9 9 9 
9 9 9 
4 9 9 
4 4 4 
104 109 109 109 109 109 104 109 109 109 104 
9 9 9 
9 9 9 
9 9 4 
9 9 4 
9 4 9 
4 9 9 
9 9 9 
9 4 9 
4 4 4 
9 4 4 
9 9 9 
4 9 4 
9 9 9 
4 4 4 
4 4 4 
104 4 4 4 
4 9 9 
9 9 4 
4 4 4 
9 4 9 
4 4 4 
9 9 9 
9 4 9 
9 4 9 
4 4 0 4 
4 4 4 
4 4 4 
4 9 9 
4 4 4 
9 9 9 
4 9 4 
4 4 4 
9 9 9 
4 4 
end
Level85
534
109 109 109 109 109 109 109 109 109 109 109 
0 4 4 0 0 9 
4 4 4 
9 9 9 
104 104 0 104 0 104 104 104 0 104 0 
9 4 9 
9 9 9 
4 9 4 
104 9 9 9 
104 109 109 104 104 109 109 109 104 109 104 
9 9 9 
109 104 104 104 109 0 109 0 104 104 109 
9 9 9 
104 104 0 0 4 4 
9 4 4 
9 9 9 
104 109 104 104 104 109 109 104 109 109 109 
9 0 9 4 
4 4 4 
9 9 9 
9 9 9 
104 104 104 104 109 109 104 109 109 104 109 
4 4 9 
4 9 9 
4 4 4 
4 4 4 
104 104 0 104 109 104 104 0 109 0 0 
4 4 4 
0 109 109 0 109 109 109 109 109 109 109 
104 9 104 104 104 104 9 
9 9 9 
9 9 9 
4 4 4 
9 4 9 
4 4 9 
4 9 4 
9 9 9 
4 4 9 
9 4 4 
9 9 9 
4 4 4 
4 4 4 
9 0 9 0 9 
4 4 4 
104 104 4 104 4 
4 9 9 
4 9 9 
9 9 9 
9 9 9 
4 9 4 
9 4 9 
9 9 9 
9 4 4 
4 9 9 
9 9 9 
4 4 0 0 0 
104 104 104 104 109 109 104 104 104 104 109 
9 9 4 
9 9 9 
4 4 4 
109 109 109 109 109 109 109 109 109 109 109 
9 9 104 104 104 
9 9 9 
4 
end
Level86
540
9 9 9 
4 4 4 
9 4 9 
9 4 4 
9 9 9 
9 9 9 
9 9 9 
9 9 4 
9 4 9 
9 9 0 9 
9 9 9 
4 4 4 
109 109 109 109 109 109 109 109 109 109 109 
109 109 109 109 109 109 104 104 104 109 104 
9 9 9 
4 9 9 
4 9 4 
4 4 4 
9 9 4 
9 0 9 9 
4 4 4 
104 104 109 109 104 109 104 109 109 109 109 
9 9 9 
9 9 9 
9 9 9 
104 104 104 104 104 104 104 104 104 104 104 
4 4 9 
4 9 9 
4 4 4 
4 9 9 
9 104 104 104 104 104 9 
9 9 9 
4 9 9 
4 9 9 
9 9 9 
4 4 9 
9 9 9 
109 109 109 109 109 109 109 109 109 109 109 
9 4 4 
104 104 104 104 104 104 104 104 104 104 104 
104 104 0 104 109 104 0 109 0 109 109 
4 9 4 
9 9 9 
104 104 104 104 104 104 104 104 104 104 104 
9 4 9 
4 4 4 
9 9 4 
4 9 4 
104 104 104 0 104 104 0 104 104 104 104 
109 109 109 109 109 109 109 109 109 109 109 
9 4 9 
104 109 109 104 104 109 109 104 104 109 104 
0 0 0 104 104 104 0 0 104 104 109 
9 9 9 
9 9 9 
9 9 9 
104 104 109 109 109 109 109 109 104 109 104 
9 
end
Level87
548
4 4 4 
9 9 9 
9 9 9 
9 4 4 
4 9 4 
4 9 9 
4 4 4 
9 9 4 
9 9 9 
104 104 104 104 104 109 104 104 104 109 104 
9 9 9 
104 104 104 104 109 109 109 109 109 104 109 
4 4 9 
9 9 9 
9 9 9 
9 9 4 
109 109 109 109 0 109 109 0 109 109 0 
9 9 9 
4 4 4 
9 9 9 
4 4 4 
0 4 4 4 
4 4 4 
9 9 9 
4 4 4 
9 9 9 
0 109 109 109 109 109 109 109 0 109 109 
4 4 4 
0 0 0 109 109 109 109 109 109 109 109 
9 4 9 
4 0 4 0 4 
109 109 109 109 109 109 109 109 109 109 109 
4 4 4 
9 9 9 
109 109 109 109 109 109 109 109 109 109 109 
4 4 4 
9 9 9 
0 4 4 0 4 
104 104 109 109 109 109 104 109 109 104 104 
9 9 9 
9 9 9 
9 0 9 9 
9 9 4 
4 4 4 
4 4 4 
9 9 9 
4 4 4 
4 4 4 
4 4 4 
4 4 4 
4 4 9 
4 9 4 
9 9 9 
4 4 4 
4 4 9 
9 9 4 
9 9 9 
4 4 4 
104 109 104 109 109 109 109 109 104 104 109 
4 4 4 
9 9 4 
4 4 4 
109 109 109 109 109 109 109 109 109 109 109 
9 9 4 
4 4 4 
4 4 9 
9 9 9 
104 
end
Level88
554
4 4 9 
4 4 4 
104 104 104 9 9 
9 4 4 
9 9 4 
4 4 4 
9 9 9 
104 104 9 9 9 
9 4 4 
9 9 9 
4 4 4 
9 9 9 
0 104 104 0 104 104 104 104 104 104 104 
109 109 104 104 0 109 104 109 104 109 0 
9 4 4 
9 9 9 
4 4 4 
0 9 9 9 
9 9 9 
4 4 4 
9 9 9 
9 9 0 9 
4 4 4 
4 4 4 
104 104 4 4 104 
9 9 9 
9 9 9 
9 9 4 
4 4 4 
9 9 9 
4 4 104 4 
9 9 4 
104 104 9 9 9 
4 4 4 
109 109 109 109 109 109 109 109 109 109 109 
4 4 9 
0 104 104 0 104 104 104 0 0 0 104 
9 4 4 
9 9 104 9 
4 4 4 
9 9 9 
104 9 104 9 104 
104 109 104 109 109 109 104 104 104 104 109 
4 0 0 4 0 
9 9 9 
109 109 109 0 109 109 0 109 0 0 0 
104 0 104 0 109 104 104 0 0 104 109 
109 109 109 109 109 109 109 109 109 109 109 
109 109 109 109 109 109 109 109 109 109 109 
9 9 9 
9 9 9 
4 4 4 
4 4 4 
4 4 4 
104 104 104 104 104 4 4 
104 104 109 104 104 104 104 109 104 109 104 
9 9 9 
4 4 4 
4 4 4 
104 104 104 104 104 104 104 104 104 104 104 
0 0 9 9 9 
104 104 4 4 4 
4 4 4 
9 
end
Level89
560
4 9 4 
9 9 4 
4 4 4 
4 4 4 
9 9 9 
104 109 104 104 104 104 109 104 104 109 109 
109 109 0 0 0 109 109 109 109 109 109 
9 9 9 
0 9 9 0 9 
4 4 4 
9 9 9 
4 4 4 
9 9 9 
0 4 0 0 4 
109 104 109 109 109 104 104 104 104 109 0 
4 4 4 
4 4 4 
104 9 9 104 104 
4 4 4 
4 4 4 
0 0 104 104 9 9 
104 104 0 104 104 104 104 104 104 104 104 
4 4 4 
4 4 4 
9 4 4 
9 9 9 
9 9 9 
104 109 109 104 104 104 109 109 109 109 109 
9 4 4 
104 104 104 104 104 104 104 104 104 104 104 
4 4 4 
104 104 0 104 104 104 0 104 104 104 104 
4 4 4 
4 9 4 
104 0 104 104 104 109 104 0 109 104 104 
4 4 4 
9 9 9 
104 104 104 104 104 104 104 104 104 104 104 
9 9 9 
4 4 4 
4 4 4 
4 4 4 
9 9 9 
9 4 9 
4 4 4 
9 104 104 104 9 
9 9 104 104 104 
4 4 4 
9 9 9 
104 104 104 104 104 104 104 104 104 104 104 
104 104 104 104 104 104 104 104 104 104 104 
9 9 9 
9 9 9 
104 104 104 104 104 104 104 104 104 104 109 
4 9 9 
4 4 4 
4 9 4 
109 104 109 104 104 109 109 104 104 104 109 
109 104 104 104 104 
end
Level90
566
104 9 104 104 9 
104 104 104 104 104 104 104 104 104 104 104 
4 4 104 0 104 
9 104 9 9 
9 9 9 
9 9 9 
9 9 9 
9 9 9 
4 4 9 
4 4 4 
0 9 9 9 
4 4 4 
104 109 104 109 104 104 109 104 109 109 104 
9 9 9 
9 9 4 
109 104 104 104 109 104 109 104 109 104 104 
4 4 9 
104 104 9 104 104 104 104 
104 104 104 104 104 104 104 104 104 104 104 
9 9 9 
4 4 4 
4 4 4 
9 9 9 
9 4 9 
109 104 104 104 104 109 109 109 104 109 104 
0 9 9 0 9 
9 9 9 
9 4 9 
104 109 104 104 104 109 109 109 104 104 109 
4 0 4 0 0 
4 4 4 
4 104 104 4 4 
0 104 9 0 0 104 9 
9 9 9 
109 109 109 109 109 109 109 109 109 109 109 
9 9 9 
104 9 9 9 
104 104 104 104 0 104 104 109 109 0 0 
9 9 9 
4 4 4 
9 4 9 
104 109 104 104 109 104 0 104 109 104 0 
4 9 9 
9 9 9 
4 4 4 
109 109 0 109 109 109 109 109 109 109 109 
0 0 4 4 4 
9 4 4 
4 4 0 4 
4 4 4 
9 9 9 
104 109 104 104 0 104 104 104 104 0 109 
109 104 104 104 109 109 109 104 104 104 104 
4 4 4 
109 109 104 104 109 109 109 104 104 109 104 
4 9 9 
4 4 4 
109 109 109 109 109 
end
Level91
572
5 5 5 
5 5 5 
114 114 114 0 114 114 114 0 0 114 0 
14 14 14 
105 105 105 105 105 105 105 105 105 105 105 
5 5 5 
5 14 14 
14 14 14 
14 14 14 
5 5 5 
105 14 105 14 105 
5 5 14 
5 5 5 
5 5 14 
14 14 14 
5 14 14 
105 105 0 105 105 114 0 105 105 105 105 
5 5 5 
14 14 14 
14 14 14 
114 114 105 114 114 114 105 114 105 114 114 
105 105 105 5 5 
105 114 105 105 105 114 114 114 105 105 114 
114 114 114 105 105 114 114 114 114 105 114 
105 114 114 105 105 114 105 105 114 114 114 
114 114 105 114 105 114 105 114 114 105 105 
105 105 105 105 105 105 105 105 105 105 105 
105 105 105 105 105 105 105 105 105 105 105 
5 5 5 
5 5 5 
14 14 14 
14 14 5 
5 5 5 
114 114 0 114 0 114 0 114 114 0 0 
5 14 14 
5 5 5 
5 14 5 
14 14 14 
14 14 14 
14 14 14 
114 114 114 114 114 114 114 114 114 114 114 
14 14 5 
114 105 114 105 105 114 114 105 114 114 114 
5 14 5 
14 5 14 
5 5 5 
5 14 14 
5 5 5 
14 14 14 
5 5 5 
14 14 14 
14 14 14 
105 105 114 105 105 105 114 114 105 114 105 
5 14 14 
105 14 105 14 105 
5 0 5 5 
14 5 5 
5 5 5 
14 5 5 
14 14 
end
Level92
578
14 5 5 
5 0 5 5 
5 5 5 
0 105 105 105 114 114 105 0 0 0 114 
5 5 5 
5 5 5 
5 5 5 
5 14 5 
5 5 5 
114 105 114 114 114 105 114 105 105 105 105 
105 105 105 105 105 105 105 105 105 105 105 
14 14 5 
14 14 14 
14 14 14 
14 14 5 
14 14 14 
14 14 14 
105 105 105 105 105 105 105 105 105 105 105 
105 105 14 14 105 
14 5 5 
14 5 14 
14 14 14 
105 105 105 105 105 105 105 105 105 105 105 
14 14 14 
114 114 114 105 105 114 105 105 105 114 114 
5 5 0 5 
5 5 5 
5 105 5 5 
5 5 5 
114 105 114 114 105 105 105 114 114 114 114 
14 5 14 
14 14 14 
105 105 105 105 105 105 105 105 105 105 105 
14 14 5 
5 5 5 
105 114 114 114 114 114 105 114 105 114 114 
114 114 114 114 105 105 114 105 105 105 105 
5 5 5 
5 5 5 
5 5 14 
5 5 5 
114 114 114 114 114 114 114 114 114 114 114 
5 14 5 
5 5 5 
114 114 114 105 114 114 105 114 114 114 114 
14 5 5 
105 105 105 105 105 105 105 105 105 105 105 
14 14 5 
5 5 5 
14 14 14 
14 5 14 
14 14 105 14 
14 5 14 
14 14 14 
5 5 5 
14 14 5 
105 105 105 105 105 105 105 105 105 105 105 
14 14 14 
14 14 14 
end
Level93
584
14 105 14 14 
14 14 14 
5 14 5 
14 14 14 
14 14 14 
5 5 5 
14 14 14 
14 5 14 
14 14 14 
0 14 14 0 105 
5 14 14 
14 14 14 
105 105 114 105 105 114 114 114 105 114 114 
5 5 5 
0 14 14 14 
5 5 5 
14 14 14 
5 14 5 
5 5 5 
14 14 14 
5 5 105 5 
5 14 14 
5 5 14 
5 5 5 
14 14 14 
14 14 14 
5 5 5 
114 114 105 105 105 114 114 105 114 114 114 
5 5 5 
5 5 5 
5 5 5 
14 14 14 
5 5 5 
5 5 5 
105 105 114 105 105 114 114 105 105 114 105 
114 114 114 114 114 114 114 114 114 114 114 
5 14 5 
14 14 14 
5 5 5 
14 14 14 
14 5 14 
5 5 5 
5 5 5 
0 105 0 5 5 
14 14 14 
5 5 14 
5 5 5 
5 105 5 105 105 
5 14 5 
14 14 14 
5 14 5 
14 5 14 
114 114 114 114 114 114 114 114 114 114 114 
105 105 105 105 105 105 105 105 105 105 105 
14 5 14 
14 14 14 
5 5 5 
14 14 14 
14 14 14 
14 14 14 
14 14 14 
5 5 5 
14 14 14 
5 5 5 
14 14 14 
105 105 105 105 105 105 105 105 105 105 105 
14 5 5 
5 14 5 
5 14 5 
5 5 5 
105 14 105 105 105 105 105 
14 14 14 
5 14 5 
14 14 14 
14 14 14 
0 105 105 105 
end
Level94
590
114 114 114 114 114 114 114 114 114 114 114 
14 14 14 
114 114 114 114 114 114 114 114 114 114 114 
14 5 5 
5 14 5 
105 105 105 105 105 105 105 105 105 105 105 
114 105 114 114 105 114 114 105 105 114 114 
5 5 5 
5 5 14 
5 5 5 
0 114 114 105 105 114 0 0 105 0 114 
5 5 5 
105 114 105 105 105 114 105 105 105 114 114 
14 14 14 
5 14 5 
114 105 114 114 105 105 114 105 105 105 114 
14 0 14 0 0 
14 5 5 
5 5 14 
114 114 114 114 114 114 114 114 114 114 114 
114 114 114 105 105 105 114 105 114 105 105 
5 5 0 5 
0 0 14 0 5 0 0 
0 5 5 5 
114 105 114 114 114 105 105 114 105 105 105 
14 14 5 
5 14 14 
5 5 5 
114 114 114 114 114 114 114 114 114 114 114 
0 5 5 0 5 
14 14 14 
114 114 114 114 114 114 114 114 114 114 114 
14 14 14 
114 114 114 114 114 114 114 114 114 114 114 
5 5 14 
0 105 114 105 114 105 0 114 105 105 105 
5 5 14 
114 114 114 114 114 114 114 114 114 114 114 
14 14 5 
105 105 105 105 105 105 105 105 105 105 105 
5 5 5 
5 5 14 
5 5 5 
105 105 114 114 114 114 105 114 105 105 114 
5 5 5 
14 14 0 14 
5 5 5 
14 14 14 
5 5 5 
5 5 5 
105 114 105 105 105 0 105 114 0 105 114 
114 114 105 114 114 114 114 114 
end
Level95
596
14 14 105 105 14 
105 0 105 114 114 114 0 105 114 105 105 
14 14 14 
105 114 114 105 114 114 114 114 105 114 114 
5 5 5 
5 5 5 
5 5 14 
105 114 114 105 114 105 114 105 105 114 105 
14 14 14 
14 14 5 
14 14 14 
14 5 5 
5 14 5 
105 14 14 14 
5 5 5 
5 14 5 
14 14 14 
14 14 14 
14 14 14 
5 5 5 
14 14 14 
14 14 14 
0 5 5 5 
5 5 5 
0 14 14 14 
14 14 14 
5 5 5 
14 14 5 
5 14 5 
5 5 14 
5 5 14 
14 5 5 
5 5 5 
105 114 105 114 114 114 114 105 105 114 105 
14 14 5 
14 14 14 
114 105 114 105 105 105 114 105 105 114 114 
5 5 5 
14 14 5 
5 5 5 
0 114 114 114 0 114 0 114 114 114 114 
105 105 14 14 105 
105 105 0 105 14 14 
14 14 14 
105 105 14 14 105 
105 114 105 105 105 105 114 105 114 114 105 
14 14 14 
114 114 114 114 114 114 114 114 114 114 114 
14 14 14 
5 14 14 
14 5 5 
14 14 14 
5 5 5 
5 5 5 
105 105 105 105 105 105 105 105 105 105 105 
14 14 5 
14 14 14 
14 5 14 
5 5 14 
14 14 14 
5 5 14 
0 105 5 5 5 
14 14 14 
14 14 14 
14 5 5 
14 14 14 
14 14 105 105 14 
0 0 5 5 5 
14 14 14 
14 5 14 
14 14 14 
14 14 14 
14 14 14 
end
Level96
600
5 5 5 
5 5 5 
14 5 5 
105 105 105 105 105 105 105 105 105 105 105 
14 14 14 
114 0 114 114 0 114 114 114 114 0 114 
14 14 5 
14 14 14 
105 105 105 105 105 105 105 105 105 105 105 
5 5 5 
114 114 105 114 105 114 105 114 114 114 114 
14 14 14 
5 5 5 
14 14 14 
5 5 5 
5 14 14 
14 14 14 
14 5 5 
14 5 14 
14 5 14 
5 0 0 14 5 
0 5 5 5 
5 5 5 
5 5 5 
14 14 14 
14 14 14 
105 105 105 105 105 105 105 105 105 105 105 
105 5 105 105 105 105 5 
14 14 14 
5 14 14 
5 5 5 
14 14 14 
114 114 114 105 105 105 105 105 105 105 114 
105 105 105 105 105 105 105 105 105 
14 14 14 
5 5 5 
5 14 5 
14 105 14 14 
14 14 14 
5 5 5 
5 5 14 
14 5 5 
5 5 5 
5 14 14 
105 5 5 5 
14 5 14 
5 5 5 
14 14 5 
14 14 14 
105 105 105 105 105 105 105 105 105 105 105 
14 14 14 
5 5 5 
14 14 14 
105 114 105 105 105 105 105 114 114 114 105 
5 5 5 
14 5 5 
5 5 5 
5 5 5 
114 114 114 114 114 114 114 114 114 114 114 
5 5 5 
5 5 0 5 
14 14 14 
105 105 0 105 105 105 105 105 105 105 105 
5 5 5 
114 114 114 114 114 114 114 114 114 114 114 
5 5 14 
5 5 14 
14 14 14 
end
Level97
606
14 5 5 
5 5 5 
5 5 14 
14 14 14 
14 14 14 
5 5 5 
5 5 14 
5 105 105 5 105 
14 5 5 
14 14 14 
14 5 14 
5 5 5 
105 105 105 105 5 105 5 
105 105 105 105 105 105 105 105 105 105 105 
14 14 14 
114 114 114 114 114 114 114 114 114 0 114 
14 14 14 
14 14 14 
5 5 5 
105 14 14 105 105 
14 14 14 
114 114 114 114 114 114 114 114 114 114 114 
114 114 114 114 114 114 114 114 114 114 114 
105 105 105 105 105 105 105 105 105 105 105 
14 14 14 
105 105 105 105 105 105 105 105 105 105 105 
5 105 105 105 105 5 
5 5 5 
14 14 14 
14 14 14 
5 5 5 
5 14 5 
5 5 5 
5 5 14 
114 114 114 114 114 114 114 114 114 114 114 
14 5 0 0 5 
14 14 14 
105 105 105 105 105 105 105 105 105 105 105 
14 14 14 
14 14 14 
0 0 0 0 14 14 
14 14 5 
5 5 5 
14 14 14 
5 5 5 
14 14 14 
14 14 14 
5 5 5 
5 5 5 
5 5 5 
5 5 5 
5 5 5 
105 105 0 105 105 105 0 105 0 0 114 
5 5 14 
14 14 14 
14 14 5 
5 14 5 
105 105 105 5 105 105 105 
105 5 5 5 
105 105 105 0 105 0 105 105 0 105 105 
105 105 105 105 105 105 105 105 105 105 105 
14 14 14 
14 5 14 
5 5 5 
5 14 14 
0 0 5 5 5 
5 14 5 
5 5 5 
14 14 5 
5 
end
Level98
612
14 14 14 
14 5 14 
5 5 5 
5 14 5 
105 105 105 105 105 105 105 105 105 105 105 
5 14 14 
14 14 14 
14 5 5 
14 14 14 
14 105 14 105 105 
5 105 5 105 105 
5 5 5 
105 105 105 105 105 105 105 105 105 105 105 
5 5 5 
105 5 105 5 5 
5 5 5 
0 14 14 14 
5 14 14 
5 5 5 
5 5 5 
5 5 5 
5 5 5 
5 14 5 
5 5 14 
14 14 14 
105 105 105 105 105 105 105 105 105 105 105 
5 5 5 
14 14 14 
5 5 5 
5 5 5 
14 14 14 
5 5 5 
14 14 14 
5 5 5 
105 0 0 0 105 105 105 105 105 0 105 
114 114 114 114 114 114 114 114 114 114 114 
5 5 5 
14 14 14 
114 114 114 114 114 114 0 114 114 0 114 
5 14 14 
5 5 5 
14 5 5 
14 14 14 
0 14 14 14 
14 14 14 
0 5 5 14 
14 14 14 
114 105 105 114 105 105 114 0 0 105 114 
114 114 114 114 114 114 114 114 114 114 114 
5 0 5 0 0 0 0 
14 14 14 
14 14 14 
14 14 14 
5 0 0 0 105 5 
5 5 5 
5 14 5 
14 5 5 
14 14 14 
5 5 5 
105 105 114 105 105 114 105 105 114 114 105 
5 5 14 
5 5 5 
14 14 14 
14 14 14 
114 114 114 114 114 114 114 114 114 114 114 
5 5 5 
105 105 114 114 0 0 0 105 105 114 114 
14 14 14 
114 105 114 114 114 114 105 105 105 105 114 
14 14 14 
14 14 14 
14 14 14 
end
Level99
618
5 14 5 
0 5 5 5 
5 5 5 
114 114 105 114 114 114 114 105 105 114 105 
5 5 5 
5 5 5 
14 5 5 
5 5 5 
5 14 5 
14 14 14 
14 5 5 
5 5 14 
105 105 105 105 105 105 105 105 105 105 105 
5 5 5 
5 5 14 
14 5 5 
5 5 5 
105 105 105 105 105 105 105 105 105 105 105 
105 14 105 14 14 
105 105 105 0 105 105 105 105 105 0 0 
5 5 5 
14 14 14 
5 5 5 
14 14 14 
5 5 5 
5 14 5 
5 5 5 
5 14 5 
5 14 5 
14 14 14 
14 14 14 
105 0 0 105 105 0 105 105 0 105 105 
114 114 114 114 114 114 114 114 114 114 114 
5 5 5 
5 5 5 
14 14 14 
5 14 14 
14 14 14 
5 5 5 
14 14 5 
105 105 105 105 5 105 5 
5 5 5 
14 14 14 
14 5 5 
5 14 5 
114 114 114 114 114 114 114 114 114 114 114 
5 5 5 
5 5 5 
5 105 105 5 105 
14 14 14 
5 5 5 
5 5 5 
5 5 14 
5 5 5 
14 14 14 
105 114 105 105 114 114 105 105 105 114 114 
14 5 5 
5 5 5 
14 14 14 
105 14 14 105 105 
14 14 5 
5 14 5 
14 5 14 
105 105 105 105 105 14 105 
14 14 14 
14 14 14 
14 14 14 
14 14 14 
5 0 5 5 
5 5 5 
0 5 5 0 0 
5 14 5 
114 105 105 105 114 114 105 114 105 105 114 
114 114 114 114 114 114 114 114 114 114 114 
5 
end
Level100
622
5 14 5 
5 14 5 
5 5 5 
14 5 14 
5 5 14 
5 5 5 
5 0 5 0 5 
105 105 105 105 105 105 105 105 105 105 105 
14 14 14 
14 14 14 
105 5 105 5 105 
14 5 14 
14 5 5 
5 5 5 
14 14 14 
114 105 114 114 114 114 114 114 105 114 105 
5 5 5 
14 14 14 
5 5 14 
5 5 5 
105 114 114 114 114 114 114 105 114 105 105 
5 5 5 
5 5 5 
5 5 5 
5 5 5 
5 5 14 
14 14 14 
5 5 5 
14 14 14 
5 5 5 
14 5 14 
114 114 105 105 105 114 105 114 105 114 105 
0 0 0 114 105 0 114 105 0 114 105 
14 5 5 
14 14 14 
14 14 14 
5 5 5 
5 5 14 
5 5 5 
5 5 5 
5 5 5 
14 5 14 
5 5 5 
14 5 14 
14 5 14 
114 114 105 114 114 105 105 105 114 114 105 
5 5 5 
14 5 5 
5 5 5 
5 14 14 
14 14 14 
14 14 14 
14 14 14 
5 5 14 
105 105 105 105 114 114 114 114 105 105 114 
14 14 14 
5 5 5 
105 14 105 105 14 
5 5 5 
14 14 14 
14 14 14 
14 14 14 
5 5 14 
5 5 5 
14 14 14 
105 105 105 114 0 105 105 0 114 0 114 
5 5 5 
114 114 105 105 105 105 105 105 114 105 114 
114 114 114 105 105 105 114 114 114 105 114 
114 114 114 114 114 114 114 114 114 114 114 
5 5 5 
14 5 14 
114 114 105 114 114 114 105 105 105 105 114 
end
