Level1
18
1 1 1 
1 1 1 
0 1 1 101 
end
Level2
26
7 7 7 
1 1 1 
1 1 1 
1 101 1 1 
end
Level3
32
101 107 107 107 101 101 101 107 101 107 101 
1 1 101 1 
101 
end
Level4
36
1 1 1 
101 1 101 101 101 1 
1 1 1 
1 1 1 
1 1 1 
end
Level5
44
1 1 1 
107 101 107 101 107 101 107 107 101 107 101 
1 1 1 
7 7 7 
1 7 
end
Level6
52
7 7 7 
101 101 107 107 107 101 101 101 107 101 107 
0 1 0 1 1 
1 1 1 
107 101 107 101 101 101 
end
Level7
58
1 1 1 
107 101 101 107 101 107 101 101 107 107 101 
1 1 1 
101 101 101 101 101 101 101 101 101 101 101 
0 1 
end
Level8
62
1 1 1 
1 1 1 
101 101 101 101 101 101 101 101 101 101 101 
101 101 101 101 101 101 101 101 101 101 101 
1 1 1 
end
Level9
70
101 101 101 101 101 101 101 101 101 101 101 
7 7 7 
101 1 101 1 1 
1 1 7 
1 1 1 
1 7 1 
7 1 7 
101 101 101 101 
end
Level10
76
1 1 1 
1 1 1 
1 1 1 
7 7 7 
1 1 1 
7 1 1 
0 0 101 107 101 107 101 0 101 0 107 
1 101 101 1 101 
1 1 1 
101 101 101 101 101 
end
Level11
82
8 8 8 
8 8 8 
108 108 103 0 0 103 108 103 108 108 108 
8 8 0 0 0 
103 108 0 0 103 103 0 108 103 0 0 
8 8 8 
8 8 8 
8 8 8 
8 8 8 
0 8 8 8 
8 8 8 
end
Level12
88
8 8 108 8 
8 8 8 
108 108 108 108 108 108 108 108 108 108 108 
103 108 103 103 0 0 103 0 0 103 0 
8 108 8 108 8 
0 0 8 8 0 
3 8 3 
108 103 108 108 108 108 108 103 108 108 
end
Level13
92
8 8 8 
3 3 3 
108 108 108 108 108 108 108 108 108 108 108 
103 108 103 103 103 103 103 103 108 108 103 
103 103 103 108 103 103 103 103 108 108 108 
103 108 103 103 108 108 108 
end
Level14
96
0 108 108 108 108 0 108 108 108 108 108 
8 8 8 
8 8 8 
108 108 8 108 108 108 8 
8 8 8 
3 3 3 
8 3 8 
8 3 3 
8 8 8 
3 3 8 
3 3 8 
3 8 8 
8 8 
end
Level15
102
8 8 8 
8 3 8 
3 3 3 
3 3 3 
8 8 8 
108 108 108 108 108 108 108 108 108 108 108 
108 108 108 8 8 
8 3 0 8 
8 8 3 
8 8 8 
8 3 8 
8 8 8 
8 0 8 8 
8 8 
end
Level16
110
8 8 8 
108 108 0 0 108 108 0 108 103 103 0 
8 108 0 8 108 
8 8 8 
8 8 8 
8 8 8 
108 108 108 108 108 108 108 108 108 108 108 
8 8 8 
8 8 8 
108 108 108 108 108 108 108 108 108 108 108 
3 3 3 
8 
end
Level17
116
3 3 3 
8 8 8 
8 8 8 
3 8 3 
8 8 8 
8 8 8 
8 3 8 
8 8 3 
8 8 8 
8 3 3 
8 3 8 
8 8 8 
8 8 8 
8 8 8 
3 8 8 
108 108 108 108 108 108 108 108 108 108 108 
8 8 
end
Level18
122
3 8 8 
8 8 3 
108 108 103 108 108 108 108 108 103 108 103 
8 8 8 
103 108 103 103 108 103 103 108 108 108 108 
8 8 8 
8 8 8 
8 8 8 
108 108 8 8 8 
8 8 8 
8 8 8 
3 8 8 
8 8 8 
8 8 8 
8 
end
Level19
128
108 108 108 108 108 108 108 108 108 108 108 
0 8 8 8 
8 8 8 
8 8 8 
8 8 8 
3 8 8 
108 108 108 108 8 108 108 
108 108 108 108 108 108 108 108 108 108 108 
8 8 3 
3 8 8 
8 108 8 8 
8 8 8 
8 8 8 
3 3 8 
8 
end
Level20
134
8 8 8 
8 108 8 108 8 
8 8 8 
8 8 8 
8 8 8 
108 8 108 8 108 
8 108 8 8 
108 8 8 8 
8 3 8 
108 108 8 108 8 
8 8 8 
0 8 8 3 
8 3 8 
3 3 3 
8 8 8 
8 8 8 
8 8 8 
8 8 8 
8 8 108 8 
8 
end
Level21
140
1 1 0 1 
101 101 109 101 101 109 109 101 109 109 101 
1 1 1 
1 1 1 
1 1 1 
1 101 101 101 1 
1 1 1 
1 101 101 101 1 
1 1 1 
9 1 9 
101 101 101 101 101 101 101 101 101 101 101 
1 0 1 1 
1 1 1 
1 1 1 
1 1 1 
101 101 101 101 101 
end
Level22
146
9 1 9 
101 101 101 101 101 101 101 101 101 101 101 
9 1 1 
1 1 1 
1 1 1 
1 1 1 
101 101 1 101 101 101 101 
1 1 1 
1 1 1 
101 1 101 1 1 
101 101 101 101 1 1 
1 1 1 
1 1 1 
9 1 9 
1 1 1 
1 1 1 
1 1 1 
1 9 9 
1 101 
end
Level23
154
1 101 1 1 
1 1 1 
1 1 1 
1 1 1 
101 101 101 101 101 101 101 101 101 101 101 
1 1 1 
101 0 101 0 101 0 101 101 0 101 101 
1 1 1 
101 101 101 101 101 101 101 101 101 101 101 
101 101 101 101 101 101 101 101 101 101 101 
1 1 9 
1 1 1 
101 101 101 101 101 101 101 101 101 101 101 
1 
end
Level24
160
9 1 9 
1 1 9 
101 101 101 101 101 101 101 101 101 101 101 
1 1 1 
1 9 9 
1 1 1 
101 101 101 101 101 101 101 101 101 101 101 
1 1 1 
1 1 1 
1 1 9 
1 1 1 
101 1 1 101 101 
9 1 9 
101 109 101 101 0 109 101 109 101 101 101 
101 101 101 101 101 101 101 101 101 101 101 
101 101 
end
Level25
168
1 1 1 
109 109 101 101 109 109 101 109 101 101 101 
1 9 9 
1 1 1 
1 1 1 
0 1 0 1 0 
1 1 1 
9 9 9 
1 1 1 
9 1 1 
9 1 9 
1 1 1 
101 101 101 101 101 101 101 101 101 101 101 
1 1 1 
1 1 1 
9 1 9 
101 101 101 109 101 109 109 101 109 109 109 
109 101 101 109 101 101 109 101 0 109 101 
end
Level26
176
1 1 1 
1 1 1 
101 109 109 101 109 109 101 101 101 101 101 
101 101 101 101 101 101 101 101 101 101 101 
9 9 9 
1 1 1 
101 101 101 101 101 101 101 101 101 101 101 
1 1 1 
109 109 109 101 101 101 109 109 101 109 109 
1 1 1 
9 1 9 
109 109 109 101 101 101 101 0 101 101 109 
1 1 1 
1 1 9 
1 1 1 
101 101 101 101 
end
Level27
182
1 1 1 
9 1 1 
1 101 1 101 1 
101 109 101 109 109 109 101 109 109 109 101 
1 9 1 
1 101 1 1 
101 109 109 101 101 109 101 101 109 109 101 
9 1 9 
1 1 1 
9 9 1 
1 9 1 
1 1 1 
1 1 1 
1 1 1 
1 1 9 
109 101 101 109 101 109 101 101 109 109 109 
1 1 1 
1 1 1 
101 109 109 109 109 101 101 109 109 101 
end
Level28
188
1 1 1 
109 101 101 109 109 101 101 101 101 0 101 
1 0 0 1 1 
0 1 9 1 
1 1 1 
101 1 1 1 
1 1 1 
9 9 9 
1 1 9 
1 1 1 
109 101 101 109 101 101 101 101 109 109 109 
1 1 1 
1 1 9 
9 1 1 
101 101 101 101 101 101 101 101 101 101 101 
101 101 101 101 101 101 101 101 101 101 101 
1 1 1 
1 1 1 
101 101 101 101 101 101 101 101 
end
Level29
194
1 1 1 
1 9 9 
1 1 1 
101 101 101 101 101 101 101 101 101 101 101 
1 1 1 
1 1 1 
1 9 1 
1 1 1 
1 1 1 
1 1 1 
1 1 1 
9 9 9 
1 1 1 
9 1 9 
0 0 1 1 1 
1 1 101 1 
1 1 1 
1 1 1 
1 1 1 
1 1 1 
1 1 1 
1 9 1 
1 1 1 
1 1 1 
1 1 1 
101 101 101 101 101 101 101 101 101 101 101 
101 101 
end
Level30
198
9 9 9 
1 1 1 
101 101 101 101 101 0 101 101 101 101 101 
109 109 101 109 101 101 109 101 109 101 109 
1 1 1 
1 9 9 
9 1 9 
1 1 1 
9 9 1 
1 1 1 
9 9 1 
101 101 101 101 101 101 101 101 101 101 101 
9 9 1 
101 101 101 101 101 101 101 101 101 101 101 
101 101 109 109 109 109 109 101 109 101 101 
101 1 1 1 
0 0 0 1 1 
109 101 109 109 101 101 101 109 101 
end
Level31
204
9 9 9 
9 13 9 
9 9 9 
109 109 109 109 109 0 109 109 109 109 109 
9 9 9 
13 9 9 
9 13 9 
9 109 0 109 0 0 109 
13 13 9 
109 109 109 109 109 109 109 109 109 109 109 
9 9 9 
9 9 9 
9 13 13 
9 9 9 
13 13 9 
9 13 9 
9 9 9 
9 9 9 
9 9 9 
109 109 109 109 109 109 109 109 109 109 109 
109 109 109 109 109 109 109 109 109 109 109 
113 109 109 113 109 109 109 
end
Level32
212
9 9 9 
9 9 13 
9 9 9 
9 9 9 
9 9 9 
113 109 109 113 109 113 109 109 109 109 113 
9 9 9 
109 109 109 113 113 113 0 0 109 109 0 
109 109 109 109 0 0 109 109 109 0 109 
9 9 0 0 9 
9 9 0 0 0 
109 9 109 9 109 
13 9 13 
9 9 9 
9 9 9 
9 9 9 
9 9 9 
9 9 9 
13 9 13 
13 13 9 
9 9 9 
9 9 9 
9 9 9 
109 109 109 109 109 109 109 109 109 109 109 
9 9 9 
9 9 9 
13 
end
Level33
220
9 13 13 
13 13 9 
9 9 9 
0 109 109 109 0 109 109 109 109 109 0 
9 9 9 
13 9 9 
9 9 9 
109 113 109 109 109 109 109 109 113 113 109 
109 109 109 109 109 109 109 109 109 109 109 
9 9 9 
9 9 9 
0 9 9 9 
9 9 9 
9 9 9 
9 9 109 109 9 
9 0 9 9 
109 109 109 109 109 109 109 109 109 109 109 
109 113 109 113 109 109 113 109 113 109 109 
9 9 9 
13 9 9 
9 9 9 
9 9 9 
9 9 9 
13 9 
end
Level34
228
0 0 0 9 0 9 
13 9 13 
9 9 9 
9 9 9 
13 13 9 
109 109 109 109 109 109 109 109 109 109 109 
9 9 9 
13 9 9 
9 13 9 
109 109 9 9 9 
9 9 9 
13 13 9 
13 13 13 
9 9 9 
9 9 9 
109 109 109 109 109 109 109 109 109 109 109 
9 9 9 
13 13 13 
109 109 109 109 109 109 109 109 109 109 109 
9 9 9 
9 9 9 
13 13 13 
9 13 9 
13 9 9 
9 109 109 9 9 
109 109 109 109 109 109 109 109 109 109 109 
109 
end
Level35
236
9 9 9 
109 109 109 109 109 109 109 109 109 109 109 
13 13 9 
13 9 13 
109 109 109 109 109 109 9 
9 13 9 
109 109 109 109 109 109 109 109 109 109 109 
9 13 13 
9 9 9 
9 9 0 9 
13 9 9 
9 13 13 
9 13 9 
9 9 9 
9 9 9 
9 9 9 
9 0 9 9 
13 13 9 
13 9 9 
109 109 109 109 0 109 109 109 109 0 0 
9 9 9 
9 9 9 
9 9 9 
9 9 9 
9 9 9 
13 9 9 
13 13 13 
9 9 9 
113 113 113 109 109 113 113 113 113 
end
Level36
242
9 9 9 
13 13 13 
9 9 0 9 
109 109 109 109 109 109 109 109 109 109 109 
9 9 9 
9 13 13 
9 9 9 
13 13 13 
9 9 9 
13 13 9 
9 9 9 
13 13 13 
13 13 9 
9 9 9 
9 13 9 
9 9 9 
13 9 9 
9 9 0 9 
113 113 113 113 113 113 109 109 109 109 109 
13 13 13 
9 13 9 
109 113 109 113 109 109 109 113 113 109 109 
13 9 9 
9 109 9 109 9 
9 9 9 
13 9 13 
9 9 9 
9 9 9 
9 9 9 
9 9 13 
9 9 9 
9 9 
end
Level37
250
9 9 13 
9 13 13 
9 9 9 
9 9 9 
9 9 9 
13 9 9 
109 9 9 9 
9 9 9 
9 13 13 
9 9 9 
9 9 9 
9 13 13 
113 109 113 113 113 113 109 113 109 113 109 
9 13 9 
9 9 9 
9 9 9 
9 9 9 
13 9 9 
109 109 113 109 113 113 113 113 109 113 113 
9 9 9 
9 9 9 
109 109 109 9 109 9 
13 9 13 
109 109 109 109 109 109 109 109 109 109 109 
13 13 13 
9 9 9 
9 0 9 9 
9 9 9 
9 9 9 
13 13 9 
109 109 109 109 109 109 109 
end
Level38
256
13 13 9 
9 9 9 
9 9 9 
9 9 9 
109 9 109 109 9 
113 113 109 109 109 109 109 109 109 109 113 
9 9 109 9 
0 9 9 9 
9 109 109 9 109 
9 9 9 
9 13 9 
9 9 9 
13 13 13 
9 9 9 
109 109 109 109 109 109 109 109 109 109 109 
9 9 9 
109 109 0 109 109 0 109 0 109 109 109 
13 9 9 
9 9 9 
109 109 9 109 9 
113 113 109 113 113 113 109 109 113 109 113 
13 13 9 
9 9 9 
13 13 13 
9 9 9 
9 9 9 
109 109 109 109 109 109 109 109 109 109 109 
9 9 9 
end
Level39
260
9 109 9 9 
0 9 9 109 109 
9 9 9 
9 13 13 
109 9 9 9 
9 9 9 
0 0 9 0 9 
109 109 9 9 109 
109 109 9 9 9 
109 109 113 113 109 113 109 113 109 113 109 
9 9 9 
113 113 109 113 113 113 113 113 109 109 113 
9 9 9 
13 13 9 
109 109 109 109 109 109 109 109 109 109 109 
9 9 9 
9 109 109 109 109 109 109 
9 9 9 
9 13 13 
109 9 9 9 
13 13 13 
9 9 9 
9 13 13 
9 9 9 
9 13 13 
9 9 9 
9 9 9 
13 9 9 
9 9 9 
9 13 13 
9 9 9 
9 9 
end
Level40
266
13 9 13 
9 9 9 
9 9 9 
9 9 9 
9 13 9 
9 9 9 
109 109 113 113 113 109 109 113 109 109 109 
9 9 9 
13 9 9 
9 9 9 
13 13 9 
109 109 109 109 109 109 109 109 109 109 109 
9 13 9 
9 9 9 
13 13 13 
9 9 9 
9 9 9 
0 13 9 9 
13 13 9 
9 9 9 
9 9 9 
13 9 9 
9 9 9 
109 109 109 0 0 113 109 109 109 109 109 
9 9 9 
109 113 113 109 109 113 109 113 109 113 113 
109 9 109 9 109 
9 9 9 
109 109 109 9 9 
9 9 9 
109 109 109 109 109 109 109 109 109 
end
Level41
274
7 10 7 
110 110 110 110 0 110 110 110 110 0 0 
10 10 10 
107 0 107 110 110 110 107 0 0 0 110 
110 110 110 110 0 110 110 110 110 110 110 
10 10 10 
110 10 10 110 110 
7 7 10 
10 10 10 
10 10 10 
110 10 0 0 10 
10 10 7 
10 7 10 
10 10 10 
7 7 10 
7 10 7 
107 110 110 110 110 110 110 110 110 110 110 
10 10 10 
10 10 10 
10 10 10 
10 7 7 
7 10 7 
7 7 7 
10 10 10 
10 10 10 
110 110 110 110 110 10 10 
110 110 110 110 110 110 110 110 110 110 110 
10 10 10 
110 0 107 107 0 107 110 110 107 110 110 
7 7 10 
0 107 0 110 107 
end
Level42
282
7 10 7 
7 7 7 
7 7 10 
10 10 10 
10 10 10 
10 7 10 
7 10 10 
110 110 110 110 110 110 110 110 110 110 110 
10 10 10 
0 110 0 110 110 110 110 0 110 0 0 
7 7 10 
110 110 110 110 10 10 
7 7 7 
10 10 10 
10 10 10 
110 107 0 0 107 107 107 107 107 110 0 
10 10 110 10 
10 10 7 
10 10 10 
10 10 10 
110 110 110 110 110 110 110 110 110 110 110 
7 10 7 
10 10 10 
10 10 10 
10 10 10 
10 10 10 
10 10 7 
10 10 10 
10 10 10 
7 7 7 
10 10 10 
10 10 10 
107 110 107 107 110 107 110 110 107 110 110 
10 10 10 
10 10 10 
end
Level43
288
10 10 10 
10 10 10 
7 10 7 
107 110 107 110 110 107 110 107 107 110 110 
7 7 10 
10 7 7 
10 10 10 
110 10 110 10 110 
10 7 7 
7 10 10 
10 10 10 
0 107 0 0 0 110 110 107 110 0 107 
110 10 10 110 10 
10 10 10 
107 110 107 110 110 107 110 110 110 107 107 
7 7 7 
107 107 107 110 110 107 110 107 107 107 110 
10 10 10 
0 10 0 10 10 
110 110 10 10 110 
10 7 7 
7 10 7 
10 10 10 
10 10 10 
7 10 7 
10 10 10 
10 10 0 10 
110 10 10 10 
110 110 110 110 110 110 110 110 110 110 110 
10 10 10 
107 110 110 107 107 107 110 107 107 107 110 
10 
end
Level44
294
10 10 10 
10 10 10 
7 10 10 
10 10 10 
0 7 10 7 
10 10 10 
10 10 10 
10 10 10 
7 7 10 
10 10 10 
10 10 10 
0 10 10 0 10 
10 10 10 
10 7 10 
110 110 110 107 107 110 107 107 107 110 110 
10 10 10 
7 10 7 
10 10 7 
110 110 110 110 110 110 110 110 110 110 110 
110 110 110 110 110 110 110 110 110 110 110 
10 10 10 
110 110 10 10 110 
10 10 10 
7 10 7 
110 110 110 107 107 107 110 110 107 110 107 
0 10 10 0 7 
7 7 7 
10 10 7 
7 7 10 
10 10 10 
10 10 0 0 0 
10 10 7 
10 7 10 
10 10 10 
10 10 110 10 
7 10 7 
7 7 10 
10 10 
end
Level45
300
7 10 10 
10 10 10 
10 110 110 110 10 
7 7 7 
110 110 110 110 110 110 110 110 110 110 110 
7 7 10 
10 10 7 
10 10 10 
110 110 110 110 110 110 110 110 110 110 110 
10 10 10 
10 10 10 
110 110 110 110 110 110 110 110 110 110 110 
10 10 10 
10 10 10 
10 10 10 
10 10 10 
110 110 10 110 10 
7 7 7 
10 10 10 
0 10 10 10 
10 10 10 
110 110 110 110 110 110 110 110 110 110 110 
7 7 7 
110 110 110 110 110 110 110 110 110 110 110 
110 107 107 110 110 107 107 107 107 110 107 
10 0 7 10 
10 10 10 
110 110 110 110 110 110 110 110 110 110 110 
7 10 7 
7 10 7 
end
Level46
306
107 110 110 110 110 110 110 110 107 110 110 
10 10 10 
10 110 110 110 110 110 110 
0 10 10 10 
110 110 110 110 110 110 110 110 110 110 110 
7 7 10 
10 7 7 
110 110 110 107 110 110 110 107 110 107 110 
10 10 10 
10 7 7 
7 7 7 
10 7 7 
10 10 10 
10 10 10 
10 10 10 
10 10 10 
107 110 107 110 110 0 107 0 110 107 110 
10 10 10 
10 10 10 
10 7 7 
10 10 10 
10 7 7 
7 10 10 
10 10 10 
10 10 10 
7 7 7 
10 10 10 
10 10 10 
10 10 7 
107 107 107 110 110 107 107 110 107 110 110 
10 10 10 
10 10 10 
10 110 110 110 10 
110 110 107 110 110 107 110 107 110 110 
end
Level47
312
10 10 10 
7 10 7 
7 10 10 
7 10 10 
110 110 110 110 110 110 110 110 110 110 110 
10 10 7 
107 110 110 110 110 107 110 110 110 107 110 
10 10 10 
110 110 107 110 110 110 107 107 107 110 107 
10 10 10 
7 10 10 
10 10 10 
10 10 10 
10 10 10 
10 10 10 
7 7 7 
10 7 10 
10 7 10 
10 10 10 
10 10 10 
10 10 10 
10 7 10 
10 10 10 
10 10 10 
7 7 10 
10 7 10 
10 10 10 
7 7 10 
10 10 10 
110 110 110 110 10 110 110 
10 7 10 
10 10 7 
10 10 10 
7 10 7 
10 10 7 
10 10 10 
110 110 110 110 110 110 110 110 110 110 110 
10 10 10 
10 7 7 
10 110 110 
end
Level48
318
7 10 7 
10 10 10 
10 10 10 
10 10 10 
7 7 7 
10 10 10 
110 10 110 10 10 
10 10 10 
10 10 10 
10 10 10 
7 7 10 
10 10 10 
10 7 7 
7 7 7 
110 107 107 110 110 107 107 107 107 107 110 
10 10 10 
10 10 10 
7 10 7 
10 10 10 
10 10 10 
7 0 0 7 7 
10 10 10 
10 10 10 
10 10 10 
110 110 110 110 110 110 110 110 110 110 110 
10 10 7 
110 0 110 110 110 110 0 0 110 110 110 
10 10 10 
10 10 10 
10 7 7 
7 10 7 
10 7 7 
10 10 7 
10 10 10 
10 10 110 110 10 
10 10 10 
10 10 10 
110 110 0 110 0 0 110 110 110 0 110 
0 107 110 110 0 0 0 110 107 0 0 
10 7 10 
10 10 7 
10 10 10 
110 110 
end
Level49
324
107 107 107 107 110 107 110 107 110 107 107 
7 7 7 
110 110 110 0 110 110 110 0 0 110 110 
10 10 10 
10 10 10 
10 10 10 
10 10 10 
107 107 107 110 107 110 110 110 110 107 107 
7 7 0 0 10 
10 10 10 
10 7 10 
10 10 10 
7 10 7 
10 7 7 
10 10 10 
10 10 10 
10 110 110 10 110 
10 7 10 
7 10 7 
110 110 0 110 107 0 107 110 110 0 110 
0 10 10 0 10 
10 10 10 
7 10 7 
10 10 10 
7 10 7 
10 10 10 
10 10 10 
110 110 110 110 110 110 110 110 110 110 110 
10 10 10 
10 10 10 
110 10 110 10 10 
7 10 7 
107 110 107 107 110 110 110 107 110 107 110 
7 10 7 
10 10 7 
10 10 10 
10 10 10 
7 7 7 
107 110 
end
Level50
330
110 110 110 110 110 110 110 110 110 110 110 
10 10 10 
10 7 10 
10 10 10 
110 10 10 0 10 
10 10 10 
110 110 110 110 107 110 110 107 110 110 110 
10 10 10 
10 10 10 
7 10 10 
10 0 10 10 
110 110 110 110 110 110 110 110 110 110 110 
110 110 110 0 0 107 110 110 107 110 0 
10 10 10 
110 107 107 107 110 110 110 110 110 110 110 
10 10 10 
10 10 10 
110 110 110 110 110 110 110 110 110 110 110 
10 10 10 
7 7 10 
10 10 10 
10 7 10 
10 10 10 
110 110 10 110 110 110 10 
10 10 7 
0 10 10 10 
10 10 10 
10 10 10 
10 0 10 10 
7 7 7 
107 107 110 107 107 110 107 107 110 110 110 
0 7 10 0 10 
10 7 10 
10 10 10 
10 7 7 
10 10 
end
Level51
336
2 2 2 
102 105 105 102 102 102 105 105 102 102 105 
2 2 2 
2 2 5 
102 102 102 102 102 102 102 102 102 102 102 
102 102 102 102 102 102 102 102 102 102 102 
2 2 5 
2 5 2 
2 2 2 
102 102 102 102 102 102 102 102 102 102 102 
2 2 2 
2 2 2 
2 5 5 
2 2 2 
102 102 102 102 102 102 102 102 102 102 102 
102 102 102 102 102 102 102 102 102 102 102 
2 2 2 
102 102 2 2 2 
5 2 2 
102 102 102 102 102 102 102 102 102 102 102 
2 2 2 
2 2 2 
105 102 102 105 102 105 102 102 105 105 102 
2 2 2 
2 2 2 
2 2 5 
102 105 105 102 102 105 105 102 102 102 102 
2 2 2 
102 102 102 102 102 102 102 102 102 102 
end
Level52
344
5 5 2 
102 102 102 102 0 102 102 105 0 102 0 
2 5 5 
2 2 2 
2 2 102 2 
2 2 2 
105 105 105 102 0 0 102 0 102 0 102 
2 2 2 
2 2 2 
105 105 105 102 105 105 105 102 105 0 105 
2 5 5 
2 2 2 
102 102 102 102 102 102 102 102 102 102 102 
2 5 5 
2 2 2 
2 2 2 
102 102 102 105 105 105 105 102 102 105 102 
2 2 102 2 
2 2 2 
5 5 5 
2 2 2 
102 102 102 102 102 102 102 102 102 102 102 
5 2 5 
102 2 2 2 
102 102 102 102 102 102 102 102 102 102 102 
2 5 2 
2 2 2 
2 2 2 
2 2 2 
2 2 2 
2 5 5 
2 2 2 
2 2 2 
102 102 102 102 102 102 102 102 102 102 102 
2 2 2 
0 102 0 102 102 0 102 105 102 105 105 
end
Level53
348
2 2 2 
2 2 2 
2 5 2 
102 102 102 102 2 102 2 
2 2 2 
2 2 2 
2 2 5 
102 102 102 102 102 102 102 102 102 102 102 
2 2 0 2 
2 2 2 
2 2 2 
102 102 102 102 102 2 102 
102 102 102 102 102 102 102 102 102 102 102 
102 102 102 102 102 102 102 102 102 102 102 
2 2 2 
2 2 2 
105 102 102 105 105 105 105 102 102 102 105 
5 2 2 
2 2 2 
105 105 105 102 105 105 102 102 105 102 102 
102 0 0 105 102 105 0 105 0 102 102 
5 2 5 
2 2 2 
2 2 2 
2 2 2 
102 102 102 102 102 102 102 102 102 102 102 
2 2 2 
2 2 2 
2 2 2 
102 102 102 0 102 0 0 102 105 105 105 
102 102 102 102 102 102 102 102 102 102 102 
5 5 2 
5 2 5 
2 2 
end
Level54
354
105 102 102 105 105 105 102 102 102 105 102 
2 2 2 
2 0 2 2 
2 2 2 
5 2 5 
2 2 2 
5 2 2 
2 0 0 2 2 
102 102 102 102 102 102 102 102 102 102 102 
2 2 2 
2 2 2 
2 2 2 
2 2 0 2 
2 2 5 
2 2 102 2 
2 2 2 
102 102 102 102 102 102 102 102 102 102 102 
2 2 2 
102 102 102 102 2 102 2 
5 5 2 
2 2 2 
0 102 102 102 102 102 0 105 105 105 0 
2 2 2 
2 2 2 
5 2 2 
2 2 2 
2 2 2 
2 5 5 
2 5 5 
2 2 2 
2 2 2 
102 102 102 102 102 102 102 102 102 102 102 
102 102 102 102 102 102 102 102 102 102 102 
2 2 2 
102 102 102 102 102 102 102 102 102 102 102 
5 5 2 
2 2 2 
0 2 5 5 
2 2 2 
2 2 
end
Level55
358
2 2 2 
2 2 2 
2 2 2 
2 2 5 
2 2 5 
5 5 2 
2 2 2 
2 102 102 102 2 
0 0 2 2 2 
2 2 2 
2 2 2 
2 2 2 
2 2 2 
2 2 2 
5 5 5 
5 2 2 
5 5 2 
102 105 102 102 102 102 105 105 102 105 105 
5 5 5 
2 2 5 
5 5 5 
5 2 2 
2 2 2 
2 102 2 2 
2 2 2 
2 2 2 
2 2 2 
2 2 2 
102 102 102 102 102 102 102 102 102 102 102 
2 2 2 
5 2 2 
5 2 5 
2 2 2 
2 5 2 
102 102 102 102 102 102 102 102 102 102 102 
2 2 2 
102 102 102 102 102 102 102 102 102 102 102 
2 2 2 
105 102 105 102 105 105 105 105 102 102 105 
2 2 2 
2 2 2 
2 2 2 
2 2 2 
5 2 2 
5 2 5 
2 
end
Level56
366
102 102 102 102 102 102 102 102 102 102 102 
2 5 2 
2 2 2 
2 2 2 
102 102 102 102 102 102 102 102 102 102 102 
2 2 2 
2 2 2 
2 2 2 
102 2 102 2 102 
0 2 2 2 
102 102 102 102 102 102 102 102 102 102 102 
2 2 2 
102 102 102 102 102 102 102 102 102 102 102 
2 2 5 
102 102 102 102 102 102 102 102 102 102 102 
5 2 2 
2 2 2 
2 2 2 
102 102 2 102 2 
2 102 2 2 
5 5 2 
2 2 2 
102 102 102 102 102 102 102 102 102 102 102 
102 102 102 102 102 102 102 102 102 102 102 
5 5 2 
102 102 102 102 102 102 102 102 102 102 102 
2 2 2 
102 102 102 102 102 102 102 102 102 102 102 
2 2 2 
2 2 2 
2 2 2 
2 2 102 2 
2 2 2 
5 2 2 
102 102 105 
end
Level57
372
2 2 2 
5 5 5 
2 2 2 
2 2 2 
2 2 2 
2 5 2 
102 0 105 102 105 102 102 102 0 102 0 
102 2 102 2 2 
2 2 2 
2 2 2 
0 102 105 105 0 102 102 0 105 0 0 
5 2 2 
2 2 2 
5 5 2 
102 102 2 0 102 0 2 
2 2 2 
2 2 2 
5 2 0 0 2 
2 2 5 
2 2 2 
102 105 102 105 105 102 105 105 105 102 102 
2 2 2 
2 5 2 
2 2 2 
2 2 2 
2 2 2 
2 5 2 
2 2 2 
2 2 2 
105 102 105 105 105 102 102 102 102 102 105 
102 102 102 102 102 102 102 102 102 102 102 
102 2 2 2 
2 2 2 
0 2 2 5 
102 2 102 2 2 
102 105 102 105 102 105 105 105 105 102 102 
102 102 102 2 102 2 
5 5 5 
5 2 2 
2 2 2 
102 102 102 2 102 2 
2 2 5 
2 2 2 
2 2 2 
2 
end
Level58
380
105 102 102 105 102 105 105 105 102 102 102 
5 2 2 
102 102 102 102 102 102 102 102 102 102 102 
2 5 2 
5 2 5 
102 2 102 2 102 
105 102 102 105 105 105 102 105 102 105 102 
5 5 5 
2 2 2 
102 102 102 102 102 102 102 102 102 102 102 
2 2 2 
2 2 2 
5 2 2 
2 2 2 
2 2 2 
2 5 2 
2 2 2 
102 102 102 102 102 102 102 102 102 102 102 
5 5 2 
102 102 102 102 102 102 102 102 102 102 102 
5 5 2 
2 2 2 
5 5 2 
2 2 2 
2 2 5 
2 2 2 
2 5 5 
2 2 2 
2 2 2 
102 102 102 102 102 102 102 102 102 102 102 
2 0 2 2 
2 5 2 
0 0 102 105 102 102 105 102 105 102 102 
2 2 2 
2 2 2 
2 2 102 102 102 
102 102 102 102 102 102 102 102 102 102 102 
102 0 105 102 0 102 102 
end
Level59
384
2 5 5 
2 2 5 
2 2 2 
102 0 0 102 102 102 102 102 102 0 102 
2 2 5 
102 102 102 102 102 102 102 102 102 102 102 
102 102 102 102 102 102 102 102 102 102 102 
2 2 2 
5 2 5 
2 2 2 
2 2 2 
2 2 2 
2 5 2 
2 2 2 
102 105 105 102 105 102 105 102 105 102 102 
102 102 102 102 102 102 102 102 102 102 102 
5 5 2 
105 105 102 102 105 0 102 102 105 105 102 
0 0 0 5 0 5 5 
5 2 5 
5 5 5 
102 102 102 102 102 102 102 102 102 102 102 
102 102 102 102 105 105 102 102 102 105 102 
2 5 2 
2 2 2 
2 5 2 
2 2 2 
102 105 105 0 0 102 102 105 105 0 102 
2 102 2 102 2 
0 0 0 2 2 2 
5 5 2 
0 2 0 2 2 
105 102 102 102 102 105 105 105 102 102 102 
2 2 2 
2 2 2 
2 2 2 
5 5 2 
2 2 2 
5 2 5 
end
Level60
390
2 5 2 
2 2 2 
0 2 2 5 
2 2 2 
2 2 0 2 
102 2 2 2 
2 2 2 
102 102 102 102 102 102 102 102 102 102 102 
105 102 105 102 102 105 105 102 102 105 105 
102 102 102 102 102 102 102 102 102 102 102 
2 2 2 
2 2 2 
5 5 2 
5 5 5 
5 2 5 
105 105 105 105 102 102 105 102 105 102 105 
2 5 2 
2 2 2 
2 2 2 
2 2 2 
2 2 2 
2 5 2 
2 2 2 
5 5 2 
2 2 2 
2 0 2 0 0 
2 2 2 
102 2 2 2 
2 2 2 
2 2 2 
102 2 2 102 102 
102 102 105 102 105 105 102 105 102 105 102 
5 5 5 
2 2 2 
5 5 2 
2 2 2 
2 2 2 
2 2 2 
105 105 102 105 102 102 102 105 102 102 105 
2 102 102 2 102 
5 2 5 
105 102 102 102 105 102 105 105 105 105 105 
0 2 0 2 0 
2 5 2 
102 2 2 
end
Level61
398
2 2 2 
2 2 2 
2 2 2 
2 2 2 
2 2 2 
2 2 2 
102 102 102 102 102 102 102 102 102 102 102 
2 2 6 
2 2 2 
102 102 102 102 102 102 102 102 102 102 102 
2 2 6 
102 2 102 2 2 
2 6 6 
2 2 2 
2 2 2 
2 2 2 
2 2 2 
2 6 6 
2 2 2 
102 2 2 2 
2 2 2 
102 102 2 102 2 
2 2 2 
2 2 2 
2 2 2 
2 6 6 
2 2 2 
2 2 2 
2 2 6 
2 2 6 
2 6 6 
2 6 2 
2 2 2 
2 2 2 
102 102 102 102 0 0 102 0 102 102 102 
106 102 102 0 102 0 102 106 0 0 0 
2 2 2 
2 2 102 2 
102 102 102 102 102 102 102 102 102 102 102 
102 2 102 102 2 
2 2 2 
2 2 2 
6 6 2 
102 102 102 102 102 102 102 102 102 102 102 
6 2 6 
0 0 2 0 0 2 
106 106 102 106 102 102 102 106 106 102 106 
2 2 2 
end
Level62
402
2 2 2 
102 102 102 2 2 
2 2 2 
2 2 2 
106 102 106 106 102 102 106 106 106 102 102 
2 2 2 
6 2 2 
102 102 102 102 102 102 102 102 102 102 102 
102 102 102 102 102 102 102 102 102 102 102 
2 0 102 102 2 
2 2 2 
2 0 2 2 
6 6 2 
2 2 2 
106 106 106 102 106 102 102 106 102 106 102 
2 6 6 
2 2 2 
2 2 2 
6 2 6 
2 6 2 
6 6 2 
2 2 2 
6 2 6 
2 2 2 
2 0 2 0 2 
2 6 6 
2 2 2 
6 2 6 
2 6 2 
2 2 2 
2 2 0 0 0 
2 2 2 
102 102 102 102 102 102 102 102 102 102 102 
2 2 2 
2 2 6 
2 2 2 
2 6 6 
102 102 102 102 102 102 102 102 102 102 102 
6 2 2 
106 102 106 102 102 102 102 102 102 102 102 
2 2 2 
6 2 2 
106 106 106 102 106 102 102 106 106 106 102 
2 6 6 
2 2 2 
end
Level63
406
0 2 2 2 
2 2 2 
2 2 6 
2 2 2 
106 106 102 106 106 106 102 102 102 102 102 
102 106 106 102 106 102 102 102 106 106 106 
2 2 2 
2 2 2 
2 102 2 2 
2 2 6 
2 2 6 
6 6 2 
2 2 2 
2 2 2 
102 102 102 102 102 102 102 102 102 102 102 
106 102 102 106 106 102 106 106 102 102 102 
2 6 2 
2 2 2 
2 2 2 
2 6 6 
6 2 6 
6 6 2 
2 0 2 2 
2 2 2 
2 6 6 
2 2 2 
2 6 2 
2 0 0 0 2 
2 2 2 
2 2 2 
2 6 2 
2 2 2 
2 2 2 
2 6 2 
0 2 2 102 2 
2 2 2 
102 102 106 102 106 106 106 102 102 106 106 
2 2 6 
6 2 2 
2 2 2 
2 102 2 102 2 
6 2 6 
102 2 2 2 
2 2 2 
6 6 2 
0 6 2 2 
2 2 2 
2 2 6 
2 2 2 
2 2 2 
102 102 102 102 102 102 102 102 102 
end
Level64
414
6 2 2 
2 2 2 
2 2 2 
2 2 2 
6 6 6 
2 2 2 
2 2 2 
2 2 2 
2 6 6 
2 2 6 
2 2 2 
2 2 6 
6 6 6 
2 2 2 
2 2 2 
6 2 6 
2 0 2 2 
2 2 2 
102 2 2 2 
6 6 6 
2 102 2 2 
2 2 2 
2 2 6 
2 2 2 
102 102 102 102 102 102 102 102 102 102 102 
2 2 2 
102 2 102 2 102 
2 2 2 
2 6 6 
2 2 2 
2 2 2 
102 102 102 102 102 102 102 102 102 102 102 
2 0 2 2 
2 102 2 2 
2 2 2 
2 2 2 
2 2 2 
102 2 2 102 102 
2 2 2 
2 2 2 
2 102 2 2 
2 102 102 102 102 2 
2 2 2 
2 6 6 
102 106 106 106 102 106 106 106 106 106 106 
2 2 2 
6 6 2 
102 102 102 102 102 102 102 102 102 102 102 
2 2 2 
2 6 2 
2 2 2 
2 2 2 
102 2 102 2 102 
2 6 2 
end
Level65
418
6 2 2 
2 2 2 
2 2 2 
102 2 2 0 102 
102 102 102 102 102 2 2 
2 2 2 
6 2 2 
2 2 6 
2 2 2 
0 0 2 2 2 
2 2 0 2 
2 6 2 
2 2 2 
102 102 102 102 102 102 102 102 102 102 102 
2 0 2 2 
2 0 2 0 2 
2 2 2 
2 2 2 
2 102 2 102 102 
2 2 2 
2 2 2 
2 6 6 
2 6 6 
2 2 2 
102 102 102 2 2 
106 102 102 106 106 102 106 102 106 106 106 
106 106 102 106 102 102 106 102 102 106 102 
102 2 2 2 
2 2 2 
2 2 2 
6 2 6 
2 2 2 
2 2 2 
6 6 6 
2 2 2 
102 102 102 102 102 102 0 102 0 0 0 
102 102 0 0 0 102 102 0 102 102 102 
102 102 102 106 106 106 106 0 106 0 0 
102 102 102 102 102 102 102 102 102 102 102 
6 2 2 
2 2 6 
2 2 2 
2 2 2 
6 2 2 
2 2 2 
102 102 102 102 102 102 102 102 102 102 102 
2 2 2 
2 6 2 
102 0 0 102 
end
Level66
422
2 2 2 
2 2 2 
102 2 2 102 2 
2 2 2 
2 2 2 
2 102 2 2 
2 6 6 
2 102 2 2 
0 102 102 102 102 0 102 102 102 102 102 
2 2 2 
102 0 102 102 102 102 102 102 102 102 102 
102 102 102 102 102 102 102 102 102 102 102 
6 2 6 
2 102 2 2 
2 2 2 
2 2 2 
2 2 2 
2 2 2 
2 2 2 
2 6 2 
2 2 2 
2 2 2 
2 2 2 
2 2 2 
102 102 2 2 102 
6 2 2 
2 2 6 
102 102 102 102 102 102 102 102 102 102 102 
6 2 2 
6 2 6 
102 102 0 102 102 102 0 102 102 0 102 
106 102 102 106 102 106 102 106 106 102 106 
2 2 2 
2 6 2 
0 0 0 2 2 
0 102 106 102 106 102 106 102 102 102 102 
2 2 2 
102 106 102 102 0 102 106 102 0 0 0 
2 2 2 
2 6 6 
102 102 102 102 102 102 102 102 102 102 102 
2 2 2 
2 2 2 
2 102 2 102 102 
102 102 0 102 0 102 102 102 0 102 0 
2 2 2 
end
Level67
428
6 6 2 
102 106 102 106 106 102 106 102 106 102 102 
102 102 102 102 102 102 102 102 102 102 102 
2 2 2 
102 102 102 106 106 106 106 102 106 102 102 
6 2 6 
2 2 2 
2 2 2 
6 2 6 
102 102 106 102 106 106 106 106 102 106 102 
2 2 2 
2 0 0 2 2 
2 2 2 
6 2 6 
2 2 2 
6 6 2 
102 106 102 102 106 106 102 102 106 102 102 
2 2 2 
2 2 2 
102 102 102 102 102 102 102 102 102 102 102 
2 2 2 
2 2 2 
102 102 2 2 2 
2 2 2 
106 102 106 106 106 106 106 106 106 106 102 
2 2 2 
2 2 2 
2 2 2 
102 102 102 102 102 2 102 
6 2 2 
2 2 2 
0 0 102 0 0 102 0 0 102 102 102 
106 106 106 106 102 102 102 102 102 102 106 
2 2 6 
2 2 0 2 
2 2 2 
2 2 0 2 
102 102 102 102 102 102 102 102 102 102 102 
6 6 6 
6 6 2 
2 2 2 
102 102 102 102 102 102 102 102 102 102 102 
end
Level68
432
2 2 2 
2 6 6 
102 102 102 102 102 102 102 102 102 102 102 
6 2 6 
2 2 2 
2 2 2 
102 106 106 102 102 106 102 106 106 106 102 
2 2 2 
2 2 2 
2 2 2 
102 102 102 102 102 102 102 102 102 102 102 
102 102 0 102 0 102 102 0 102 0 102 
2 0 2 2 
2 2 2 
0 2 2 2 
2 2 2 
2 2 6 
102 106 102 102 102 102 106 106 106 106 106 
2 2 2 
102 0 102 102 102 102 102 0 102 0 102 
2 2 2 
102 2 102 102 102 2 
2 0 0 2 2 
102 102 102 102 102 102 102 102 102 102 102 
2 0 0 2 6 
6 6 2 
102 102 102 102 102 102 102 102 102 102 102 
2 2 2 
2 2 2 
6 2 2 
102 102 102 102 102 102 102 102 102 102 102 
102 106 106 102 102 106 106 106 106 102 102 
102 102 102 102 102 102 102 102 102 102 102 
106 102 106 106 102 106 102 106 102 102 102 
6 6 2 
2 2 2 
6 2 2 
6 6 6 
2 2 2 
106 102 102 102 102 102 106 
end
Level69
438
2 6 2 
2 2 6 
2 2 2 
102 102 102 102 102 102 102 102 102 102 102 
2 0 2 2 
102 102 102 102 102 102 102 102 102 102 102 
2 2 2 
2 6 2 
2 6 6 
0 2 2 0 2 
2 2 2 
0 0 2 2 0 
102 102 102 102 102 102 102 102 102 102 102 
0 2 2 0 102 
2 6 6 
102 102 102 102 102 102 102 102 102 102 102 
2 0 2 2 
106 106 106 102 106 106 106 106 106 106 106 
2 2 2 
6 6 2 
102 102 102 102 102 102 102 102 102 102 102 
2 2 2 
2 2 2 
106 106 106 106 106 102 102 102 102 106 102 
102 102 102 102 102 102 102 102 102 102 102 
106 106 102 106 106 102 106 102 102 102 102 
2 6 6 
0 2 2 2 
2 2 2 
2 2 2 
2 2 2 
102 2 102 2 2 
0 2 2 2 
2 2 2 
2 6 2 
2 2 2 
6 2 2 
2 6 6 
2 2 2 
2 6 2 
2 2 2 
2 2 6 
6 2 6 
2 2 2 
6 2 6 
2 2 2 
102 102 102 102 102 102 102 102 
end
Level70
446
102 102 102 106 106 106 102 106 102 102 102 
6 2 2 
102 2 102 102 2 
6 6 6 
6 6 2 
2 2 2 
2 2 2 
0 0 2 0 2 
2 2 2 
2 2 2 
2 2 2 
102 102 102 102 102 102 102 102 102 102 102 
2 2 2 
2 2 6 
2 2 2 
6 6 6 
6 2 6 
102 102 102 102 102 102 102 102 102 102 102 
6 6 6 
102 102 106 102 106 102 102 102 106 106 106 
0 102 102 0 102 102 0 102 102 102 102 
106 102 106 106 106 106 106 102 106 102 102 
0 0 102 0 102 0 0 102 102 102 102 
2 2 2 
102 102 2 102 2 
6 2 6 
102 102 102 102 102 102 102 102 102 102 102 
102 0 102 0 102 102 102 102 0 102 102 
2 2 2 
2 6 6 
2 6 6 
2 2 2 
2 2 0 2 
2 2 2 
102 102 102 102 102 102 102 102 102 102 102 
2 2 2 
2 2 2 
6 2 6 
2 102 2 0 2 
2 2 2 
102 106 102 102 102 102 106 106 106 106 106 
102 106 106 102 106 102 102 102 102 106 106 
2 2 2 
2 2 2 
2 2 
end
Level71
450
0 14 114 14 0 
14 8 14 
14 114 114 14 14 
14 14 14 
8 8 8 
14 14 14 
14 14 14 
14 14 14 
14 14 14 
8 8 8 
14 14 14 
8 14 14 
14 14 14 
14 14 8 
14 14 14 
8 8 14 
14 114 114 114 14 
8 8 8 
14 14 14 
14 14 14 
14 14 14 
14 14 14 
14 14 14 
0 14 114 14 0 
114 114 114 114 114 114 114 114 114 114 114 
108 108 114 108 114 114 108 114 114 108 108 
8 8 8 
14 14 14 
14 14 14 
114 114 108 114 108 108 108 114 108 114 114 
114 14 14 14 
14 14 14 
114 114 114 114 114 114 114 114 114 114 114 
114 114 114 114 114 114 108 108 114 114 108 
14 14 14 
8 8 8 
114 0 114 114 114 114 114 0 0 114 114 
14 14 14 
14 14 14 
14 14 8 
14 14 8 
14 0 0 0 0 14 
114 114 0 114 114 114 114 0 0 114 0 
14 8 8 
14 8 8 
14 14 14 
114 114 114 114 114 114 14 
0 14 14 14 
114 114 114 114 114 114 114 114 114 114 114 
14 14 14 
14 14 14 
14 14 14 
14 14 14 
14 
end
Level72
458
14 14 14 
14 14 14 
8 8 14 
14 14 14 
114 114 114 114 114 114 114 114 114 114 114 
0 14 114 14 0 
14 14 14 
14 14 14 
14 14 14 
108 108 114 114 114 108 114 114 114 114 114 
8 8 8 
14 14 14 
114 114 114 114 114 114 114 114 114 114 114 
14 14 14 
14 14 14 
14 14 14 
14 14 14 
14 14 14 
14 14 14 
114 114 114 114 114 114 114 114 114 114 114 
14 14 8 
114 14 14 114 114 
8 14 14 
114 114 114 114 114 114 114 114 114 114 114 
14 14 14 
14 14 14 
108 108 108 114 108 108 114 114 108 108 114 
8 8 8 
14 14 14 
14 14 0 14 
14 14 14 
114 114 0 108 114 108 0 114 114 108 114 
108 114 114 114 108 114 114 108 114 108 114 
114 114 114 114 114 114 114 114 114 114 114 
0 114 0 114 114 114 114 114 114 114 114 
14 14 14 
0 8 0 14 0 0 14 
14 14 8 
8 8 14 
108 114 108 108 108 114 108 114 114 114 114 
14 14 14 
14 14 14 
114 114 114 114 114 114 114 114 114 114 114 
114 114 114 14 114 114 
end
Level73
464
8 8 8 
14 14 14 
14 0 14 14 
14 14 0 14 
114 114 114 114 114 114 114 114 114 114 114 
14 14 14 
114 114 114 114 114 114 114 114 114 114 114 
14 14 14 
108 114 108 108 114 108 108 114 108 108 108 
14 14 14 
114 114 114 114 114 114 114 114 114 114 114 
114 114 114 114 114 114 114 114 114 114 114 
14 8 14 
14 0 14 14 
14 14 14 
14 14 14 
14 14 114 114 14 
14 8 14 
8 14 14 
14 14 14 
14 14 14 
14 8 8 
114 0 0 114 114 114 114 114 0 114 114 
14 14 14 
14 14 14 
14 14 14 
14 14 14 
14 14 14 
114 114 14 114 114 114 114 
108 114 108 108 108 114 108 108 114 114 108 
14 14 14 
14 8 14 
8 8 14 
114 114 114 114 114 114 114 114 114 114 114 
114 108 114 0 108 114 114 108 0 114 108 
114 114 14 114 114 14 
14 14 14 
114 114 114 114 114 114 114 114 114 114 114 
14 14 14 
14 8 14 
108 114 114 114 108 108 114 114 114 108 108 
8 14 14 
14 14 14 
14 8 14 
114 108 114 114 114 114 114 114 
end
Level74
470
8 8 8 
14 8 8 
14 14 14 
14 0 14 8 
8 14 14 
14 8 8 
114 114 114 114 114 114 114 114 114 114 114 
114 108 114 108 108 114 114 114 108 114 114 
8 8 14 
114 108 108 108 114 108 108 108 114 114 108 
14 14 14 
14 14 14 
14 14 14 
114 114 114 114 114 0 114 108 108 0 0 
14 8 14 
14 8 8 
114 0 0 114 114 114 114 114 114 114 114 
14 14 14 
14 8 14 
14 8 8 
8 8 14 
14 14 14 
14 14 14 
8 8 0 8 
114 114 114 114 114 114 114 114 114 114 114 
14 14 14 
14 8 14 
14 14 14 
8 8 14 
14 14 14 
14 8 14 
0 14 14 14 
0 14 0 8 14 
14 14 14 
14 14 14 
14 14 14 
114 114 14 114 114 14 
14 14 0 14 
14 14 14 
14 14 14 
14 14 14 
8 14 14 
114 114 114 114 14 14 
14 14 14 
14 14 14 
114 114 114 114 114 114 114 114 114 114 114 
14 14 14 
8 14 14 
14 14 14 
8 14 14 
14 14 14 
108 108 108 114 0 108 108 108 114 108 0 
14 14 14 
8 8 8 
14 14 14 
14 14 14 
14 14 14 
8 
end
Level75
478
114 114 0 0 0 114 108 108 114 114 0 
8 14 14 
14 14 114 114 14 
14 14 14 
14 14 8 
14 14 14 
8 8 8 
14 14 8 
14 14 14 
14 14 14 
8 14 14 
14 14 14 
14 14 14 
8 8 14 
14 14 14 
0 0 14 0 0 14 
14 14 14 
14 14 14 
14 14 14 
14 14 14 
8 8 8 
114 114 114 114 114 114 114 114 114 114 114 
14 14 14 
14 14 14 
0 114 14 0 14 
8 14 14 
14 14 14 
114 114 114 114 14 114 14 
8 14 8 
14 14 14 
8 14 8 
14 14 14 
114 114 114 114 114 114 114 114 114 114 114 
8 14 8 
8 8 8 
14 14 8 
114 114 14 114 14 
14 14 14 
114 114 14 114 14 
14 14 14 
14 14 14 
14 14 8 
14 14 8 
14 14 14 
14 14 14 
114 108 114 114 108 108 114 108 114 114 114 
14 14 8 
114 114 114 114 114 114 114 114 114 114 114 
114 114 114 114 114 114 114 114 114 114 114 
114 114 114 114 114 114 114 114 114 114 114 
114 114 114 14 114 114 114 
14 14 14 
114 114 114 114 114 114 114 114 114 114 114 
14 114 14 14 
114 114 114 
end
Level76
484
108 108 108 114 108 108 114 114 114 108 114 
14 14 14 
14 14 14 
14 14 8 
14 14 14 
14 14 8 
114 114 114 114 114 114 114 114 114 114 114 
14 8 14 
114 114 114 108 114 114 108 114 114 108 108 
14 14 14 
114 114 114 114 114 114 114 114 114 114 114 
108 108 108 114 114 108 114 108 108 108 108 
14 14 14 
114 114 114 114 114 114 114 114 114 114 114 
114 114 114 114 114 114 114 114 114 114 114 
114 114 114 108 108 114 108 108 114 114 114 
14 14 14 
14 8 8 
14 14 14 
14 14 14 
14 14 14 
14 14 14 
14 14 14 
114 108 108 108 114 114 114 114 114 114 114 
14 14 14 
8 8 14 
14 14 14 
8 14 8 
8 14 14 
14 0 14 0 14 
8 14 14 
14 14 14 
14 14 14 
0 0 14 0 14 
14 14 14 
14 14 14 
8 8 14 
108 114 114 108 108 108 114 108 114 108 108 
14 14 14 
14 8 8 
8 14 14 
14 14 14 
8 8 8 
14 14 14 
114 114 114 114 114 114 114 114 114 114 114 
114 114 114 114 114 114 114 114 14 
14 14 14 
14 14 8 
14 14 14 
114 114 
end
Level77
490
8 14 14 
114 114 14 114 114 114 114 
114 14 114 114 14 
8 8 8 
14 14 14 
8 14 8 
14 14 14 
114 114 108 114 108 114 108 108 114 108 108 
14 14 14 
114 114 114 114 114 0 114 114 0 114 114 
8 14 14 
14 14 14 
114 0 0 114 114 114 114 114 0 114 0 
114 114 114 114 114 114 114 114 114 114 114 
114 114 114 114 114 114 114 114 114 114 114 
14 14 8 
0 108 114 114 114 0 114 114 114 0 0 
8 8 8 
14 14 14 
14 14 14 
14 14 14 
14 14 14 
14 14 114 114 14 
14 14 114 114 114 
8 8 14 
8 14 14 
108 108 114 108 114 114 108 114 108 114 114 
8 14 8 
8 14 14 
14 14 8 
108 114 114 108 108 114 108 114 114 108 114 
14 14 14 
8 8 14 
14 14 14 
14 8 8 
14 14 14 
114 114 114 114 114 114 114 114 114 114 114 
8 8 8 
14 0 14 14 
8 14 8 
114 14 14 114 14 
14 8 14 
14 14 14 
14 14 14 
14 14 14 
114 108 114 114 114 114 108 114 114 114 108 
14 14 14 
14 8 8 
8 8 14 
0 14 14 0 14 
14 14 14 
14 14 8 
14 14 14 
14 14 8 
8 
end
Level78
496
8 8 14 
14 14 14 
8 8 8 
114 114 114 108 108 114 108 108 114 108 114 
14 14 0 14 
14 14 14 
8 8 14 
14 14 14 
114 114 114 114 114 114 114 114 114 114 114 
114 114 0 114 114 114 0 114 114 114 114 
14 114 14 14 
114 114 114 114 114 114 114 114 114 114 114 
14 14 14 
14 14 14 
14 8 8 
14 14 0 14 
114 114 114 14 14 
14 14 8 
14 14 14 
14 14 14 
8 8 8 
14 14 14 
114 0 108 114 0 114 108 114 108 0 114 
14 14 14 
14 14 14 
114 114 108 108 108 108 108 114 108 108 114 
14 14 14 
14 14 14 
114 114 114 114 114 114 114 114 114 114 114 
8 14 8 
8 8 14 
14 14 14 
14 14 14 
14 14 14 
114 114 114 108 114 108 114 114 108 108 108 
14 14 14 
14 8 14 
8 8 14 
114 0 0 114 0 114 114 114 114 114 0 
14 14 14 
14 114 114 114 14 
8 14 14 
8 14 8 
114 114 114 114 114 114 114 114 114 114 114 
14 14 14 
14 0 14 14 
114 108 114 108 114 114 114 108 114 114 114 
14 14 14 
14 14 8 
14 14 14 
14 8 14 
14 14 14 
14 14 14 
14 14 114 0 14 
14 
end
Level79
502
8 14 8 
14 14 14 
14 14 14 
14 14 14 
14 8 8 
14 14 14 
14 14 14 
14 114 14 14 
14 14 14 
114 114 14 14 114 
114 114 114 114 114 114 114 114 114 114 114 
14 14 114 14 
14 14 14 
8 14 8 
14 14 14 
114 114 114 114 114 114 114 114 114 114 114 
14 14 14 
114 0 114 114 114 0 0 114 114 0 114 
14 14 14 
114 114 114 114 114 114 114 114 114 114 114 
114 114 0 114 0 0 0 114 114 108 108 
0 14 14 14 
8 8 14 
8 14 14 
114 14 114 114 14 
114 114 114 114 114 114 114 114 114 114 114 
14 14 14 
14 14 14 
14 14 14 
14 14 14 
14 14 14 
14 14 14 
114 114 114 114 114 114 114 114 114 114 114 
14 14 14 
14 14 14 
14 14 14 
114 114 114 114 114 114 114 114 114 114 114 
0 14 14 14 
14 0 0 14 0 
14 14 14 
14 14 14 
8 8 14 
108 108 108 114 114 114 108 114 114 114 108 
14 14 14 
14 14 14 
114 114 114 114 114 114 114 114 114 114 114 
14 14 14 
14 14 8 
14 14 14 
14 14 14 
14 14 8 
14 14 14 
14 14 14 
8 8 0 0 14 
114 114 114 114 114 114 114 114 114 114 114 
14 
end
Level80
508
14 114 114 14 14 
14 14 8 
8 14 14 
14 14 14 
114 114 114 114 114 114 114 114 114 114 114 
14 8 8 
14 14 14 
14 14 14 
14 14 8 
114 14 114 114 14 
114 108 108 108 108 114 114 114 108 114 114 
108 114 108 114 108 108 108 114 108 114 108 
14 14 14 
114 114 14 114 14 
14 14 14 
108 108 114 114 114 108 108 114 108 108 114 
14 14 14 
14 14 14 
8 14 8 
14 8 14 
14 14 14 
8 8 14 
14 14 14 
14 14 14 
14 14 14 
114 114 114 114 114 114 0 0 114 114 114 
14 14 14 
8 8 8 
14 14 14 
114 114 114 114 114 114 114 114 114 114 114 
14 14 14 
14 14 8 
14 8 8 
14 14 14 
114 114 108 108 108 108 114 114 114 108 108 
14 14 14 
8 14 8 
14 14 14 
14 14 14 
14 14 14 
14 14 14 
14 14 8 
14 14 0 0 14 
14 8 14 
114 114 14 14 14 
14 8 8 
14 14 8 
14 8 8 
14 14 14 
8 14 8 
0 114 114 114 108 114 114 0 114 114 114 
8 14 14 
14 14 14 
14 14 14 
14 14 14 
8 8 8 
8 8 8 
114 114 114 114 114 114 114 114 114 114 114 
0 0 14 0 14 
14 14 
end
Level81
514
4 4 4 
104 104 104 4 4 
4 4 4 
4 9 4 
4 4 4 
4 4 4 
4 4 4 
4 4 4 
4 4 4 
4 4 4 
4 4 4 
4 4 4 
4 4 4 
0 4 4 4 
104 104 104 104 104 104 104 0 104 0 104 
4 4 4 
4 4 4 
4 9 9 
4 4 4 
104 4 4 4 
4 4 4 
4 4 4 
4 4 4 
104 104 104 109 109 109 109 109 104 104 109 
4 104 4 104 4 
4 4 4 
104 104 104 104 104 104 104 104 104 104 104 
4 4 4 
4 4 4 
0 104 104 104 104 104 0 104 104 104 104 
4 4 4 
4 4 4 
4 4 4 
4 4 4 
9 4 9 
104 104 104 104 104 104 104 104 104 104 104 
9 4 4 
9 4 4 
9 9 9 
4 4 4 
4 4 9 
4 4 4 
4 4 104 4 
4 9 9 
9 9 4 
104 104 104 104 104 104 104 104 104 104 104 
9 9 4 
4 9 4 
9 4 4 
4 4 104 4 
4 9 4 
4 4 4 
4 4 4 
4 104 104 4 4 
4 4 4 
0 104 0 104 104 104 104 0 104 0 104 
4 4 4 
104 104 104 104 104 104 104 104 104 104 104 
9 9 9 
4 9 4 
9 9 9 
0 104 104 109 0 104 104 0 0 0 109 
4 4 4 
end
Level82
520
4 4 4 
4 9 9 
4 9 4 
4 4 4 
4 4 4 
4 4 4 
4 4 4 
4 4 4 
4 9 9 
4 4 4 
104 109 109 109 109 109 104 109 109 109 104 
4 4 4 
4 4 4 
9 9 4 
9 9 4 
9 4 9 
4 9 9 
9 9 9 
9 4 9 
4 4 4 
9 4 4 
4 4 4 
4 9 4 
4 4 4 
4 4 4 
4 4 4 
104 4 4 4 
4 9 9 
9 9 4 
4 4 4 
9 4 9 
4 4 4 
4 4 4 
9 4 9 
9 4 9 
4 4 0 4 
4 4 4 
4 4 4 
4 9 9 
4 4 4 
4 4 4 
4 9 4 
4 4 4 
4 4 4 
4 4 4 
104 104 104 104 104 104 104 104 104 104 104 
0 4 4 0 0 9 
4 4 4 
4 4 4 
104 104 0 104 0 104 104 104 0 104 0 
9 4 9 
4 4 4 
4 9 4 
104 4 4 4 
104 109 109 104 104 109 109 109 104 109 104 
4 4 4 
109 104 104 104 109 0 109 0 104 104 109 
4 4 4 
104 104 0 0 4 4 
9 4 4 
4 4 4 
104 109 104 104 104 109 109 104 109 109 109 
9 0 9 4 
4 4 4 
4 4 4 
4 4 4 
104 104 104 104 109 109 104 109 109 104 109 
4 4 9 
4 9 9 
end
Level83
526
4 9 4 
104 104 104 104 104 104 104 104 104 104 104 
4 4 4 
9 9 4 
0 104 104 0 104 104 104 104 104 104 104 
104 4 104 104 104 104 4 
9 9 9 
4 4 4 
4 4 4 
9 4 9 
4 4 9 
4 9 4 
4 4 4 
4 4 9 
9 4 4 
4 4 4 
4 4 4 
4 4 4 
4 0 4 0 4 
4 4 4 
104 104 4 104 4 
4 9 9 
4 9 9 
4 4 4 
4 4 4 
4 9 4 
9 4 9 
4 4 4 
9 4 4 
4 9 9 
4 4 4 
4 4 0 0 0 
104 104 104 104 109 109 104 104 104 104 109 
9 9 4 
4 4 4 
4 4 4 
104 104 104 104 104 104 104 104 104 104 104 
4 4 104 104 104 
4 4 4 
4 4 4 
4 4 4 
9 4 9 
9 4 4 
4 4 4 
4 4 4 
4 4 4 
9 9 4 
9 4 9 
4 4 0 4 
4 4 4 
4 4 4 
104 104 104 104 104 104 104 104 104 104 104 
109 109 109 109 109 109 104 104 104 109 104 
4 4 4 
4 9 9 
4 9 4 
4 4 4 
9 9 4 
4 0 4 4 
4 4 4 
104 104 109 109 104 109 104 109 109 109 109 
4 4 4 
9 9 9 
4 4 4 
104 104 104 104 104 104 104 104 104 104 
end
Level84
530
9 9 4 
4 9 9 
4 104 104 104 104 104 4 
4 4 4 
4 9 9 
4 9 9 
4 4 4 
4 4 9 
4 4 4 
104 104 104 104 104 104 104 104 104 104 104 
9 4 4 
104 104 104 104 104 104 104 104 104 104 104 
104 104 0 104 109 104 0 109 0 109 109 
4 9 4 
4 4 4 
104 104 104 104 104 104 104 104 104 104 104 
9 4 9 
4 4 4 
9 9 4 
4 9 4 
104 104 104 0 104 104 0 104 104 104 104 
104 104 104 104 104 104 104 104 104 104 104 
9 4 9 
104 109 109 104 104 109 109 104 104 109 104 
0 0 0 104 104 104 0 0 104 104 109 
4 4 4 
4 4 4 
4 4 4 
104 104 109 109 109 109 109 109 104 109 104 
4 4 4 
4 4 4 
4 4 4 
9 9 9 
9 9 9 
9 4 4 
4 9 4 
4 9 9 
4 4 4 
9 9 4 
9 9 9 
104 104 104 104 104 109 104 104 104 109 104 
4 4 4 
104 104 104 104 109 109 109 109 109 104 109 
4 4 9 
4 4 4 
4 4 4 
9 9 4 
104 104 104 104 0 104 104 0 104 104 0 
4 4 4 
4 4 4 
4 4 4 
4 4 4 
0 4 4 4 
4 4 4 
4 4 4 
4 4 4 
4 4 4 
0 104 104 104 104 104 104 104 
end
Level85
534
4 4 4 
9 4 4 
4 4 9 
104 104 104 104 104 104 104 104 104 104 104 
0 104 104 104 104 104 0 104 0 104 104 
4 4 4 
4 4 4 
104 104 104 104 104 104 104 104 104 104 104 
4 4 4 
4 4 4 
0 4 4 0 4 
104 104 109 109 109 109 104 109 109 104 104 
9 9 9 
4 4 4 
4 0 4 4 
9 9 4 
4 4 4 
4 4 4 
4 4 4 
4 4 4 
4 4 4 
4 4 4 
4 4 4 
4 4 9 
4 9 4 
4 4 4 
4 4 4 
4 4 9 
9 9 4 
9 9 9 
4 4 4 
104 109 104 109 109 109 109 109 104 104 109 
4 4 4 
9 9 4 
4 4 4 
104 104 104 104 104 104 104 104 104 104 104 
9 9 4 
4 4 4 
4 4 9 
9 9 9 
104 104 104 104 104 0 104 104 104 104 0 
0 0 104 104 104 109 104 104 104 0 0 
4 4 4 
4 4 4 
4 4 4 
104 104 4 4 4 
9 4 4 
4 4 4 
4 4 4 
4 4 4 
0 104 104 0 104 104 104 104 104 104 104 
109 109 104 104 0 109 104 109 104 109 0 
9 4 4 
9 9 9 
4 4 4 
0 4 4 4 
4 4 4 
4 4 4 
4 4 4 
4 4 0 4 
4 4 4 
4 4 4 
104 104 4 4 104 
4 4 4 
4 4 4 
9 
end
Level86
538
4 4 4 
4 4 4 
4 4 4 
104 104 104 4 104 104 104 
4 4 104 4 
4 9 4 
4 4 4 
0 0 0 4 4 
104 104 104 0 0 0 104 109 0 104 104 
4 4 104 4 
4 4 4 
4 4 4 
104 4 104 4 104 
104 109 104 109 109 109 104 104 104 104 109 
4 0 0 4 0 
4 4 4 
104 104 104 0 104 104 0 104 0 0 0 
104 0 104 0 109 104 104 0 0 104 109 
104 104 104 104 104 104 104 104 104 104 104 
104 104 104 104 104 104 104 104 104 104 104 
9 9 9 
4 4 4 
4 4 4 
4 4 4 
4 4 4 
104 104 104 104 104 4 4 
104 104 109 104 104 104 104 109 104 109 104 
9 9 9 
4 4 4 
4 4 4 
104 104 104 104 104 104 104 104 104 104 104 
0 0 4 4 4 
104 104 4 4 4 
4 4 4 
4 4 4 
4 4 4 
4 9 4 
9 9 4 
4 4 4 
4 4 4 
9 9 9 
104 109 104 104 104 104 109 104 104 109 109 
104 104 0 0 0 104 104 104 104 104 104 
4 4 4 
0 4 4 0 4 
4 4 4 
4 4 4 
4 4 4 
4 4 4 
0 4 0 0 4 
109 104 109 109 109 104 104 104 104 109 0 
4 4 4 
4 4 4 
104 4 4 104 104 
4 4 4 
4 4 4 
0 0 104 104 4 4 
104 104 0 104 104 104 104 104 104 104 104 
4 4 4 
end
Level87
544
4 4 4 
4 4 4 
104 109 109 104 104 104 109 109 109 109 109 
9 4 4 
104 104 104 104 104 104 104 104 104 104 104 
4 4 4 
104 104 0 104 104 104 0 104 104 104 104 
4 4 4 
4 9 4 
104 0 104 104 104 109 104 0 109 104 104 
4 4 4 
4 4 4 
104 104 104 104 104 104 104 104 104 104 104 
4 4 4 
4 4 4 
4 4 4 
4 4 4 
9 9 9 
9 4 9 
4 4 4 
4 104 104 104 4 
4 4 104 104 104 
4 4 4 
4 4 4 
104 104 104 104 104 104 104 104 104 104 104 
104 104 104 104 104 104 104 104 104 104 104 
4 4 4 
4 4 4 
104 104 104 104 104 104 104 104 104 104 109 
4 9 9 
4 4 4 
4 9 4 
109 104 109 104 104 109 109 104 104 104 109 
109 104 104 104 104 104 109 109 104 109 109 
4 4 4 
104 104 104 104 104 104 104 104 104 104 104 
4 4 4 
4 4 4 
104 4 104 4 4 
4 4 4 
9 9 9 
9 9 9 
4 4 4 
4 4 9 
4 4 4 
0 4 4 4 
4 4 4 
104 109 104 109 104 104 109 104 109 109 104 
4 4 4 
9 9 4 
109 104 104 104 109 104 109 104 109 104 104 
4 4 9 
104 104 4 104 104 104 104 
104 104 104 
end
Level88
548
4 9 4 
4 4 4 
109 109 109 104 109 104 109 109 104 104 109 
4 4 4 
9 9 9 
9 4 9 
104 109 104 104 104 109 109 109 104 104 109 
4 0 4 0 0 
4 4 4 
4 104 104 4 4 
0 104 4 0 0 104 4 
4 4 4 
104 104 104 104 104 104 104 104 104 104 104 
4 4 4 
104 4 4 4 
104 104 104 104 0 104 104 109 109 0 0 
4 4 4 
4 4 4 
9 4 9 
104 109 104 104 109 104 0 104 109 104 0 
4 9 9 
4 4 4 
4 4 4 
104 104 0 104 104 104 104 104 104 104 104 
0 0 4 4 4 
9 4 4 
4 4 0 4 
4 4 4 
9 9 9 
104 109 104 104 0 104 104 104 104 0 109 
109 104 104 104 109 109 109 104 104 104 104 
4 4 4 
109 109 104 104 109 109 109 104 104 109 104 
4 9 9 
4 4 4 
104 104 104 104 104 104 104 104 104 104 104 
104 104 104 104 104 104 104 104 104 104 104 
4 4 4 
4 4 4 
104 104 104 0 104 104 104 0 0 104 0 
4 4 4 
104 104 104 104 104 104 104 104 104 104 104 
4 4 4 
4 9 9 
4 4 4 
4 4 4 
4 4 4 
104 4 104 4 104 
4 4 9 
4 4 4 
4 4 9 
4 4 4 
4 9 9 
104 104 0 104 104 109 0 104 104 104 104 
4 4 4 
4 4 4 
9 9 9 
end
Level89
554
4 4 4 
4 104 4 104 104 
104 104 104 4 4 
104 109 104 104 104 109 109 109 104 104 109 
109 109 109 104 104 109 109 109 109 104 109 
104 109 109 104 104 109 104 104 109 109 109 
109 109 104 109 104 109 104 109 109 104 104 
104 104 104 104 104 104 104 104 104 104 104 
104 104 104 104 104 104 104 104 104 104 104 
4 4 4 
4 4 4 
4 4 4 
9 9 4 
4 4 4 
104 104 0 104 0 104 0 104 104 0 0 
4 9 9 
4 4 4 
4 9 4 
9 9 9 
4 4 4 
4 4 4 
104 104 104 104 104 104 104 104 104 104 104 
9 9 4 
109 104 109 104 104 109 109 104 109 109 109 
4 9 4 
9 4 9 
4 4 4 
4 9 9 
4 4 4 
4 4 4 
4 4 4 
4 4 4 
4 4 4 
104 104 109 104 104 104 109 109 104 109 104 
4 9 9 
104 4 104 4 104 
4 0 4 4 
9 4 4 
4 4 4 
9 4 4 
4 4 4 
4 9 4 
4 4 9 
4 4 4 
4 4 4 
9 4 9 
9 9 4 
4 4 4 
4 4 4 
4 9 4 
4 4 4 
109 104 109 109 109 104 109 104 104 104 104 
104 104 104 104 104 104 104 104 104 104 104 
9 9 4 
4 4 4 
4 4 4 
9 9 4 
4 4 4 
4 4 4 
104 104 104 
end
Level90
560
4 4 4 
9 4 4 
9 4 9 
4 4 4 
104 104 104 104 104 104 104 104 104 104 104 
4 4 4 
109 109 109 104 104 109 104 104 104 109 109 
4 4 0 4 
4 4 4 
4 104 4 4 
4 4 4 
109 104 109 109 104 104 104 109 109 109 109 
9 4 9 
4 4 4 
104 104 104 104 104 104 104 104 104 104 104 
9 9 4 
4 4 4 
104 109 109 109 109 109 104 109 104 109 109 
109 109 109 109 104 104 109 104 104 104 104 
4 4 4 
4 4 4 
4 4 9 
4 4 4 
104 104 104 104 104 104 104 104 104 104 104 
4 9 4 
4 4 4 
109 109 109 104 109 109 104 109 109 109 109 
9 4 4 
104 104 104 104 104 104 104 104 104 104 104 
9 9 4 
4 4 4 
9 9 9 
9 4 9 
4 4 104 4 
9 4 9 
4 4 4 
4 4 4 
9 9 4 
104 104 104 104 104 104 104 104 104 104 104 
4 4 4 
4 4 4 
104 104 104 104 104 104 104 104 104 104 104 
4 104 4 4 
4 4 4 
4 9 4 
4 4 4 
4 4 4 
4 4 4 
4 4 4 
9 4 9 
9 9 9 
0 4 4 0 104 
4 9 9 
4 4 4 
104 104 109 104 104 109 109 109 104 109 109 
4 4 4 
0 4 4 4 
4 4 4 
4 4 4 
4 9 4 
4 
end
Level91
566
5 5 14 
14 5 5 
5 14 14 
5 5 5 
114 114 105 105 105 114 114 105 114 114 114 
5 5 5 
5 5 5 
5 5 5 
5 5 5 
5 5 5 
5 5 5 
105 105 114 105 105 114 114 105 105 114 105 
105 105 105 105 105 105 105 105 105 105 105 
5 14 5 
5 5 5 
5 5 5 
5 5 5 
14 5 14 
5 5 5 
5 5 5 
0 105 0 5 5 
5 5 5 
5 5 14 
5 5 5 
5 105 5 105 105 
5 14 5 
5 5 5 
5 14 5 
14 5 14 
105 105 105 105 105 105 105 105 105 105 105 
105 105 105 105 105 105 105 105 105 105 105 
14 5 14 
5 5 5 
5 5 5 
14 14 14 
5 5 5 
5 5 5 
14 14 14 
5 5 5 
5 5 5 
5 5 5 
14 14 14 
105 105 105 105 105 105 105 105 105 105 105 
14 5 5 
5 14 5 
5 14 5 
5 5 5 
105 5 105 105 105 105 105 
5 5 5 
5 14 5 
5 5 5 
5 5 5 
0 105 105 105 114 114 114 0 0 114 0 
14 5 5 
5 14 5 
105 105 105 105 105 105 105 105 105 105 105 
114 105 114 114 105 114 114 105 105 114 114 
5 5 5 
5 5 14 
5 5 5 
0 114 114 105 105 114 0 0 105 0 114 
5 5 5 
105 114 105 105 105 114 105 105 105 114 114 
5 5 5 
5 14 5 
114 105 
end
Level92
572
5 5 5 
5 14 14 
105 5 105 105 105 105 5 
105 5 5 105 105 
114 114 114 105 105 105 114 105 114 105 105 
5 5 0 5 
0 0 14 0 5 0 0 
0 5 5 5 
114 105 114 114 114 105 105 114 105 105 105 
14 14 5 
5 14 14 
5 5 5 
105 105 105 105 105 105 105 105 105 105 105 
0 5 5 0 5 
5 5 5 
105 105 105 105 105 105 105 105 105 105 105 
5 5 5 
105 105 105 105 105 105 105 105 105 105 105 
5 5 14 
0 105 114 105 114 105 0 114 105 105 105 
5 5 14 
105 105 105 105 105 105 105 105 105 105 105 
14 14 5 
105 105 105 105 105 105 105 105 105 105 105 
5 5 5 
5 5 14 
5 5 5 
105 105 114 114 114 114 105 114 105 105 114 
5 5 5 
5 5 0 5 
5 5 5 
5 5 5 
5 5 5 
5 5 5 
105 114 105 105 105 0 105 114 0 105 114 
114 114 105 114 114 114 114 114 114 114 105 
105 105 105 105 105 105 105 105 105 105 105 
5 5 5 
5 5 5 
5 5 5 
105 0 105 114 114 114 0 105 114 105 105 
5 5 5 
105 114 114 105 114 114 114 114 105 114 114 
5 5 5 
5 5 5 
5 5 14 
105 114 114 105 114 105 114 105 105 114 105 
5 5 5 
14 14 5 
14 14 14 
14 5 5 
5 14 5 
105 5 5 5 
5 5 5 
5 14 5 
5 
end
Level93
576
5 5 5 
105 105 105 105 105 105 105 105 105 105 105 
14 14 5 
5 5 0 0 5 
5 14 5 
105 105 105 105 105 105 105 105 105 105 105 
5 14 14 
5 5 5 
5 5 5 
105 105 105 114 105 105 105 114 105 114 105 
5 5 5 
5 5 5 
105 114 105 114 114 114 114 105 105 114 105 
14 14 5 
5 5 5 
114 105 114 105 105 105 114 105 105 114 114 
5 5 5 
14 14 5 
5 5 5 
0 105 105 105 0 105 0 105 105 105 105 
105 105 5 5 105 
105 105 0 105 5 5 
5 5 5 
105 105 5 5 105 
105 114 105 105 105 105 114 105 114 114 105 
5 5 5 
105 105 105 105 105 105 105 105 105 105 105 
5 5 5 
5 14 14 
14 5 5 
5 5 5 
5 5 5 
5 5 5 
105 105 105 105 105 105 105 105 105 105 105 
14 14 5 
14 14 14 
14 5 14 
5 5 14 
14 14 14 
5 5 14 
0 105 5 5 5 
5 5 5 
5 5 5 
14 5 5 
5 5 5 
5 5 105 105 5 
0 0 5 5 5 
5 5 5 
14 5 14 
5 5 5 
5 5 5 
5 5 5 
5 5 5 
105 105 105 105 105 105 105 105 105 105 105 
5 5 5 
14 5 5 
105 105 105 105 105 105 105 105 105 105 105 
14 14 14 
105 0 105 105 0 105 105 105 105 0 105 
14 14 5 
5 5 5 
105 105 105 105 105 105 
end
Level94
584
5 14 5 
5 5 5 
5 5 5 
14 14 5 
14 14 14 
5 5 5 
5 14 14 
14 14 14 
14 5 5 
14 5 14 
14 5 14 
5 0 0 14 5 
0 5 5 5 
5 5 5 
5 5 5 
14 14 14 
5 5 5 
105 105 105 105 105 105 105 105 105 105 105 
105 5 105 105 105 105 5 
5 5 5 
5 14 14 
5 5 5 
5 5 5 
114 114 114 105 105 105 105 105 105 105 114 
105 105 105 105 105 105 105 105 105 
5 5 5 
5 5 5 
5 14 5 
5 105 5 5 
5 5 5 
5 5 5 
5 5 14 
14 5 5 
5 5 5 
5 14 14 
105 5 5 5 
14 5 14 
5 5 5 
14 14 5 
5 5 5 
105 105 105 105 105 105 105 105 105 105 105 
5 5 5 
5 5 5 
5 5 5 
105 114 105 105 105 105 105 114 114 114 105 
5 5 5 
14 5 5 
5 5 5 
5 5 5 
105 105 105 105 105 105 105 105 105 105 105 
5 5 5 
5 5 0 5 
5 5 5 
105 105 0 105 105 105 105 105 105 105 105 
5 5 5 
105 105 105 105 105 105 105 105 105 105 105 
5 5 14 
5 5 14 
5 5 5 
5 105 5 5 
5 5 5 
5 5 14 
5 5 5 
5 5 5 
5 5 5 
5 5 14 
5 105 105 5 105 
14 5 5 
5 5 5 
14 5 14 
5 5 5 
105 105 105 105 5 105 5 
105 105 
end
Level95
590
5 14 5 
105 105 5 105 105 5 
105 5 5 105 105 
5 5 5 
105 105 105 105 105 105 105 105 105 105 105 
105 105 105 105 105 105 105 105 105 105 105 
105 105 105 105 105 105 105 105 105 105 105 
5 5 5 
105 105 105 105 105 105 105 105 105 105 105 
5 105 105 105 105 5 
5 5 5 
5 5 5 
14 14 14 
5 5 5 
5 14 5 
5 5 5 
5 5 14 
105 105 105 105 105 105 105 105 105 105 105 
14 5 0 0 5 
14 14 14 
105 105 105 105 105 105 105 105 105 105 105 
5 5 5 
5 5 5 
0 0 0 0 5 5 
14 14 5 
5 5 5 
14 14 14 
5 5 5 
5 5 5 
5 5 5 
5 5 5 
5 5 5 
5 5 5 
5 5 5 
5 5 5 
105 105 0 105 105 105 0 105 0 0 114 
5 5 14 
5 5 5 
14 14 5 
5 14 5 
105 105 105 5 105 105 105 
105 5 5 5 
105 105 105 0 105 0 105 105 0 105 105 
105 105 105 105 105 105 105 105 105 105 105 
5 5 5 
14 5 14 
5 5 5 
5 14 14 
0 0 5 5 5 
5 14 5 
5 5 5 
14 14 5 
5 5 5 
5 5 5 
5 5 5 
14 5 14 
5 5 5 
5 14 5 
105 105 105 105 105 105 105 105 105 105 105 
5 14 14 
5 5 5 
14 5 5 
5 5 5 
5 105 5 105 105 
5 105 5 105 105 
5 5 5 
105 105 105 105 105 105 105 105 
end
Level96
596
5 5 105 0 5 
5 5 5 
5 5 105 105 5 
5 5 5 
5 5 5 
5 5 5 
5 14 5 
5 5 14 
5 5 5 
105 105 105 105 105 105 105 105 105 105 105 
5 5 5 
5 5 5 
5 5 5 
5 5 5 
5 5 5 
5 5 5 
5 5 5 
5 5 5 
105 0 0 0 105 105 105 105 105 0 105 
105 105 105 105 105 105 105 105 105 105 105 
5 5 5 
5 5 5 
105 105 105 105 105 105 0 105 105 0 105 
5 14 14 
5 5 5 
14 5 5 
5 5 5 
0 5 5 5 
5 5 5 
0 5 5 14 
5 5 5 
114 105 105 114 105 105 114 0 0 105 114 
105 105 105 105 105 105 105 105 105 105 105 
5 0 5 0 0 0 0 
5 5 5 
5 5 5 
14 14 14 
5 0 0 0 105 5 
5 5 5 
5 14 5 
14 5 5 
5 5 5 
5 5 5 
105 105 114 105 105 114 105 105 114 114 105 
5 5 14 
5 5 5 
5 5 5 
5 5 5 
105 105 105 105 105 105 105 105 105 105 105 
5 5 5 
105 105 114 114 0 0 0 105 105 114 114 
5 5 5 
114 105 114 114 114 114 105 105 105 105 114 
5 5 5 
5 5 5 
14 14 14 
5 5 5 
5 14 5 
0 5 5 5 
5 5 5 
114 114 105 114 114 114 114 105 105 114 105 
5 5 5 
5 5 5 
14 5 5 
5 5 5 
5 14 5 
5 5 5 
14 5 5 
5 5 14 
105 105 105 105 105 105 105 105 105 105 105 
5 
end
Level97
600
5 5 5 
5 14 5 
5 5 14 
5 5 5 
5 5 5 
5 5 5 
5 5 5 
5 5 5 
105 105 105 0 105 105 105 105 105 0 0 
5 5 5 
5 5 5 
5 5 5 
14 14 14 
5 5 5 
5 14 5 
5 5 5 
5 14 5 
5 14 5 
5 5 5 
5 5 5 
105 0 0 105 105 0 105 105 0 105 105 
105 105 105 105 105 105 105 105 105 105 105 
5 5 5 
5 5 5 
5 5 5 
5 14 14 
5 5 5 
5 5 5 
14 14 5 
105 105 105 105 5 105 5 
5 5 5 
14 14 14 
14 5 5 
5 14 5 
105 105 105 105 105 105 105 105 105 105 105 
5 5 5 
5 5 5 
5 105 105 5 105 
5 5 5 
5 5 5 
5 5 5 
5 5 14 
5 5 5 
5 5 5 
105 114 105 105 114 114 105 105 105 114 114 
14 5 5 
5 5 5 
14 14 14 
105 5 5 105 105 
14 14 5 
5 14 5 
14 5 14 
105 105 105 105 105 5 105 
5 5 5 
5 5 5 
5 5 5 
5 5 5 
5 0 5 5 
5 5 5 
0 5 5 0 0 
5 14 5 
114 105 105 105 114 114 105 114 105 105 114 
105 105 105 105 105 105 105 105 105 105 105 
5 5 5 
14 5 14 
5 5 5 
5 14 5 
5 5 5 
14 5 14 
5 5 14 
5 5 5 
5 0 5 0 5 
105 105 105 105 105 105 105 105 105 105 105 
5 5 5 
14 14 14 
105 5 105 5 105 
14 5 
end
Level98
604
5 5 5 
5 5 5 
114 105 114 114 114 114 114 114 105 114 105 
5 5 5 
5 5 5 
5 5 14 
5 5 5 
105 114 114 114 114 114 114 105 114 105 105 
5 5 5 
5 5 5 
5 5 5 
5 5 5 
5 5 14 
14 14 14 
5 5 5 
14 14 14 
5 5 5 
14 5 14 
114 114 105 105 105 114 105 114 105 114 105 
0 0 0 114 105 0 114 105 0 114 105 
14 5 5 
5 5 5 
5 5 5 
5 5 5 
5 5 14 
5 5 5 
5 5 5 
5 5 5 
14 5 14 
5 5 5 
14 5 14 
14 5 14 
114 114 105 114 114 105 105 105 114 114 105 
5 5 5 
14 5 5 
5 5 5 
5 14 14 
14 14 14 
5 5 5 
5 5 5 
5 5 14 
105 105 105 105 114 114 114 114 105 105 114 
5 5 5 
5 5 5 
105 5 105 105 5 
5 5 5 
5 5 5 
5 5 5 
5 5 5 
5 5 14 
5 5 5 
5 5 5 
105 105 105 114 0 105 105 0 114 0 114 
5 5 5 
114 114 105 105 105 105 105 105 114 105 114 
114 114 114 105 105 105 114 114 114 105 114 
105 105 105 105 105 105 105 105 105 105 105 
5 5 5 
14 5 14 
114 114 105 114 114 114 105 105 105 105 114 
5 0 5 0 5 
5 5 5 
14 5 14 
105 114 114 114 114 105 114 114 114 114 105 
0 5 5 0 5 
5 5 5 
5 5 5 
114 105 105 114 105 114 114 105 114 114 114 
end
Level99
610
5 5 105 105 105 
14 14 5 
105 105 105 105 105 105 105 105 105 105 105 
105 5 5 5 
0 105 105 114 105 114 114 105 114 0 114 
105 105 114 105 114 114 105 114 114 105 105 
14 5 14 
14 5 5 
5 14 14 
5 5 5 
5 14 14 
5 5 5 
14 14 5 
5 5 5 
5 5 14 
14 14 14 
14 5 14 
105 114 114 105 105 114 114 105 114 105 105 
114 105 0 0 114 105 114 105 105 114 105 
114 105 105 114 105 105 105 114 105 105 114 
5 14 14 
5 5 5 
5 14 5 
5 5 5 
105 105 105 105 105 105 105 105 105 105 105 
5 14 14 
5 105 5 105 5 
14 14 5 
14 5 14 
105 114 105 114 105 114 105 114 114 114 114 
14 5 14 
5 14 14 
14 5 5 
105 105 105 105 5 105 5 
14 14 14 
105 105 105 105 105 105 105 105 105 105 105 
5 5 5 
14 5 5 
5 5 5 
5 5 0 5 
14 14 14 
5 5 5 
5 5 5 
5 5 5 
5 14 5 
14 5 5 
14 14 5 
5 5 5 
105 105 105 105 105 105 105 105 105 105 105 
5 5 5 
5 5 5 
5 5 5 
5 5 0 5 
14 14 14 
5 5 5 
5 5 5 
5 5 14 
5 5 5 
5 5 5 
5 5 5 
105 105 105 105 105 105 105 105 105 105 105 
14 5 14 
5 5 5 
105 105 114 105 114 114 105 114 114 105 0 
114 105 105 114 114 114 114 114 114 105 105 
5 5 
end
Level100
616
5 5 5 
5 14 5 
5 5 5 
5 105 5 5 
5 5 5 
105 5 105 5 105 
5 105 5 5 
14 14 5 
105 105 105 114 114 114 114 114 105 105 105 
5 5 5 
5 5 5 
105 105 105 105 105 105 105 105 0 105 0 
14 14 14 
105 105 105 105 105 105 105 105 105 105 105 
5 5 5 
5 14 14 
5 5 5 
14 5 14 
5 14 5 
5 5 5 
14 5 5 
5 0 5 5 
5 5 5 
5 5 5 
105 105 105 105 105 105 105 105 105 105 105 
5 105 5 105 105 
105 105 114 105 114 105 114 114 105 114 114 
105 114 105 105 105 0 0 0 105 105 114 
5 14 5 
105 5 105 5 105 
5 5 5 
5 14 14 
5 14 5 
105 105 114 114 114 114 114 105 114 105 105 
5 5 5 
105 105 114 105 105 114 0 105 114 105 0 
5 5 14 
5 5 5 
5 5 5 
5 5 5 
105 105 105 105 105 105 105 105 105 105 105 
5 5 5 
5 5 5 
105 105 114 114 105 114 105 105 105 105 105 
14 14 5 
105 105 114 114 114 105 105 114 105 114 114 
5 5 5 
5 5 5 
5 105 105 5 105 
5 5 5 
5 14 14 
5 5 5 
5 5 5 
105 105 105 105 105 105 105 105 105 105 105 
5 105 105 5 105 
114 114 105 105 114 114 114 105 105 114 105 
5 5 5 
105 105 5 5 105 
114 114 105 114 114 105 105 114 105 114 114 
14 14 5 
105 105 105 114 114 105 114 105 105 
end
